nom,time,T1,T2,frequency,anharmonicity,readout_error,prob_meas0_prep1,prob_meas1_prep0,readout_length
ibm_fez,2025-11-17_18:14:06,6.133207194117906e-05,5.209484152707793e-05,,,0.01123046875,0.020263671875,0.002197265625,1.56e-06
ibm_fez,2025-11-17_18:14:06,0.00022766468200599352,0.00031681942863066707,,,0.022216796875,0.02734375,0.01708984375,1.56e-06
ibm_fez,2025-11-17_18:14:06,0.00013198566783132818,0.00011759790210590601,,,0.0052490234375,0.006103515625,0.00439453125,1.56e-06
ibm_fez,2025-11-17_18:14:06,0.00026761835169594197,0.0002525198904851026,,,0.0206298828125,0.0244140625,0.016845703125,1.56e-06
ibm_fez,2025-11-17_18:14:06,0.00019148690434386638,0.00015242022031049568,,,0.00390625,0.006103515625,0.001708984375,1.56e-06
ibm_fez,2025-11-17_18:14:06,0.0001835906978892959,0.0001694110313712631,,,0.006103515625,0.007568359375,0.004638671875,1.56e-06
ibm_fez,2025-11-17_18:14:06,0.00016526007585068307,0.0001272579830815731,,,0.0096435546875,0.008056640625,0.01123046875,1.56e-06
ibm_fez,2025-11-17_18:14:06,0.0001630810278803168,4.2582430921541004e-05,,,0.0262451171875,0.037841796875,0.0146484375,1.56e-06
ibm_fez,2025-11-17_18:14:06,0.00014872550860535209,3.082296807394219e-05,,,0.006103515625,0.008056640625,0.004150390625,1.56e-06
ibm_fez,2025-11-17_18:14:06,0.0002716003169056665,3.0233765402296353e-05,,,0.01025390625,0.011474609375,0.009033203125,1.56e-06
ibm_fez,2025-11-17_18:14:06,0.000168070189031902,0.00011244759182662208,,,0.00537109375,0.00439453125,0.00439453125,1.56e-06
ibm_fez,2025-11-17_18:14:06,0.00021021091138270174,8.655173234445292e-05,,,0.021240234375,0.0205078125,0.02197265625,1.56e-06
ibm_fez,2025-11-17_18:14:06,7.519027596401689e-05,7.15142948709351e-05,,,0.01904296875,0.024658203125,0.013427734375,1.56e-06
ibm_fez,2025-11-17_18:14:06,0.000288411642316801,0.0001978032584127375,,,0.0347900390625,0.027099609375,0.04248046875,1.56e-06
ibm_fez,2025-11-17_18:14:06,0.0002044269913813824,6.662695260519137e-05,,,0.00732421875,0.00830078125,0.00634765625,1.56e-06
ibm_fez,2025-11-17_18:14:06,0.0003037976693494033,0.000189924826218188,,,0.01611328125,0.023193359375,0.009033203125,1.56e-06
ibm_fez,2025-11-17_18:14:06,0.00018354590005221027,0.00015087087834414318,,,0.0040283203125,0.006591796875,0.00146484375,1.56e-06
ibm_fez,2025-11-17_18:14:06,0.0001503458449853155,9.889911629403122e-05,,,0.005615234375,0.0078125,0.00341796875,1.56e-06
ibm_fez,2025-11-17_18:14:06,0.00016710055076360112,8.088983760811318e-05,,,0.0125732421875,0.0205078125,0.004638671875,1.56e-06
ibm_fez,2025-11-17_18:14:06,0.00019536287152004876,0.0001497901859359194,,,0.009033203125,0.0126953125,0.00537109375,1.56e-06
ibm_fez,2025-11-17_18:14:06,0.00011749777046668927,0.00015843201407269623,,,0.008056640625,0.010986328125,0.005126953125,1.56e-06
ibm_fez,2025-11-17_18:14:06,0.00019178604232061576,0.00015248779884093506,,,0.0081787109375,0.0126953125,0.003662109375,1.56e-06
ibm_fez,2025-11-17_18:14:06,0.00015168378146475245,8.76611126977421e-05,,,0.0068359375,0.0107421875,0.0029296875,1.56e-06
ibm_fez,2025-11-17_18:14:06,0.00018528955702412365,0.0001639693911323105,,,0.1044921875,0.199462890625,0.009521484375,1.56e-06
ibm_fez,2025-11-17_18:14:06,0.00012996256934696892,0.00016718012913485145,,,0.009033203125,0.010986328125,0.007080078125,1.56e-06
ibm_fez,2025-11-17_18:14:06,0.00011614040025291895,8.013165294921353e-05,,,0.0089111328125,0.012451171875,0.00537109375,1.56e-06
ibm_fez,2025-11-17_18:14:06,0.00012998113984656276,9.571329328353823e-05,,,0.009033203125,0.010498046875,0.007568359375,1.56e-06
ibm_fez,2025-11-17_18:14:06,0.00014048938220236344,0.0001563563431113564,,,0.00830078125,0.015625,0.001953125,1.56e-06
ibm_fez,2025-11-17_18:14:06,7.630847989642993e-05,7.87994156455645e-05,,,0.0057373046875,0.0087890625,0.002685546875,1.56e-06
ibm_fez,2025-11-17_18:14:06,0.00018878100844495728,5.71552991015183e-05,,,0.013916015625,0.0185546875,0.00927734375,1.56e-06
ibm_fez,2025-11-17_18:14:06,0.0001294429375077336,0.00010716938804804474,,,0.00927734375,0.009765625,0.0087890625,1.56e-06
ibm_fez,2025-11-17_18:14:06,5.5373872558176896e-05,4.1980166110135624e-05,,,0.0135498046875,0.0205078125,0.006591796875,1.56e-06
ibm_fez,2025-11-17_18:14:06,0.00017251328070015215,0.00017017270525090906,,,0.0302734375,0.03076171875,0.02978515625,1.56e-06
ibm_fez,2025-11-17_18:14:06,0.00012618310795097187,0.00013062137368336413,,,0.01708984375,0.02587890625,0.00830078125,1.56e-06
ibm_fez,2025-11-17_18:14:06,0.00017232308812590604,7.292961285375323e-05,,,0.026611328125,0.042724609375,0.010498046875,1.56e-06
ibm_fez,2025-11-17_18:14:06,0.0001966308473356184,4.6388580735558916e-05,,,0.0211181640625,0.037353515625,0.0048828125,1.56e-06
ibm_fez,2025-11-17_18:14:06,0.00012350976634306388,0.00011218829521450077,,,0.0078125,0.008544921875,0.007080078125,1.56e-06
ibm_fez,2025-11-17_18:14:06,0.00016300208907366067,0.00020204600998194054,,,0.009521484375,0.013916015625,0.005126953125,1.56e-06
ibm_fez,2025-11-17_18:14:06,0.0001484702662082492,0.00011718348292866172,,,0.0074462890625,0.009521484375,0.00537109375,1.56e-06
ibm_fez,2025-11-17_18:14:06,5.640104510336567e-05,7.677718123058294e-05,,,0.01318359375,0.0166015625,0.009765625,1.56e-06
ibm_fez,2025-11-17_18:14:06,0.0001935885500556452,0.0002081211094983857,,,0.0191650390625,0.0185546875,0.019775390625,1.56e-06
ibm_fez,2025-11-17_18:14:06,0.00017373190149809012,0.00013238983852691195,,,0.07470703125,0.1015625,0.0478515625,1.56e-06
ibm_fez,2025-11-17_18:14:06,0.0001515649242778076,4.4211894553267325e-05,,,0.0072021484375,0.01025390625,0.004150390625,1.56e-06
ibm_fez,2025-11-17_18:14:06,0.00012531131250676915,7.778031926901994e-05,,,0.09814453125,0.107666015625,0.088623046875,1.56e-06
ibm_fez,2025-11-17_18:14:06,0.00013738624043015338,0.0001370622141794811,,,0.00537109375,0.0146484375,0.0029296875,1.56e-06
ibm_fez,2025-11-17_18:14:06,0.00017728287250354209,0.00015111888220727828,,,0.044189453125,0.040771484375,0.047607421875,1.56e-06
ibm_fez,2025-11-17_18:14:06,0.00011904586233841691,1.2037189977514025e-05,,,0.005126953125,0.007080078125,0.003173828125,1.56e-06
ibm_fez,2025-11-17_18:14:06,0.00011020897917152226,5.4724718315255747e-05,,,0.027587890625,0.0263671875,0.02880859375,1.56e-06
ibm_fez,2025-11-17_18:14:06,0.0001468324860705495,3.930990287508522e-05,,,0.0042724609375,0.0078125,0.000732421875,1.56e-06
ibm_fez,2025-11-17_18:14:06,9.052307131759491e-05,2.972178681804158e-05,,,0.0238037109375,0.024658203125,0.02294921875,1.56e-06
ibm_fez,2025-11-17_18:14:06,0.00014128341805553693,8.967403100674377e-05,,,0.0048828125,0.006103515625,0.003662109375,1.56e-06
ibm_fez,2025-11-17_18:14:06,6.08515827106691e-05,7.01681735180528e-05,,,0.0787353515625,0.151123046875,0.00634765625,1.56e-06
ibm_fez,2025-11-17_18:14:06,0.0001706393536103281,0.0001316159491948767,,,0.00830078125,0.0107421875,0.005859375,1.56e-06
ibm_fez,2025-11-17_18:14:06,0.00017234632155557018,1.440860387921381e-05,,,0.05419921875,0.056396484375,0.052001953125,1.56e-06
ibm_fez,2025-11-17_18:14:06,0.0001805125786579523,0.00018387094396760207,,,0.0047607421875,0.00830078125,0.001220703125,1.56e-06
ibm_fez,2025-11-17_18:14:06,0.00017366728087481358,0.00018228201425609901,,,0.058349609375,0.09521484375,0.021484375,1.56e-06
ibm_fez,2025-11-17_18:14:06,0.00015333021933070632,2.4520321068223507e-05,,,0.0079345703125,0.0126953125,0.003173828125,1.56e-06
ibm_fez,2025-11-17_18:14:06,0.0001885593673467263,8.059326246361969e-05,,,0.00927734375,0.01416015625,0.00439453125,1.56e-06
ibm_fez,2025-11-17_18:14:06,0.00011269013529552323,8.907693941012127e-05,,,0.0081787109375,0.015380859375,0.0009765625,1.56e-06
ibm_fez,2025-11-17_18:14:06,0.000182509575204111,0.00017627298825852668,,,0.0133056640625,0.019775390625,0.0068359375,1.56e-06
ibm_fez,2025-11-17_18:14:06,9.577580262199741e-05,3.97729772757122e-05,,,0.0330810546875,0.03857421875,0.027587890625,1.56e-06
ibm_fez,2025-11-17_18:14:06,0.0001940360277823158,0.00010985599392331537,,,0.0396728515625,0.0400390625,0.027587890625,1.56e-06
ibm_fez,2025-11-17_18:14:06,0.00015512067138262874,4.400082475393952e-05,,,0.0174560546875,0.024658203125,0.01025390625,1.56e-06
ibm_fez,2025-11-17_18:14:06,0.00014325335241189733,1.3020967365603177e-05,,,0.03955078125,0.04541015625,0.03369140625,1.56e-06
ibm_fez,2025-11-17_18:14:06,0.0001629109691473596,0.00016346278552949086,,,0.0064697265625,0.01123046875,0.001708984375,1.56e-06
ibm_fez,2025-11-17_18:14:06,6.625157148526615e-05,7.068189299097223e-05,,,0.0933837890625,0.086669921875,0.10009765625,1.56e-06
ibm_fez,2025-11-17_18:14:06,7.609355946053452e-05,1.721050864311054e-05,,,0.0107421875,0.01220703125,0.00927734375,1.56e-06
ibm_fez,2025-11-17_18:14:06,0.0001392215115839163,7.251064922919376e-05,,,0.0491943359375,0.051025390625,0.04736328125,1.56e-06
ibm_fez,2025-11-17_18:14:06,0.0001232899283805,9.827279783695699e-05,,,0.0084228515625,0.013916015625,0.0029296875,1.56e-06
ibm_fez,2025-11-17_18:14:06,0.00010547210578518323,6.409159752451616e-05,,,0.0067138671875,0.010986328125,0.00244140625,1.56e-06
ibm_fez,2025-11-17_18:14:06,0.00012919747191106752,0.0001037856461151027,,,0.0054931640625,0.00927734375,0.001708984375,1.56e-06
ibm_fez,2025-11-17_18:14:06,0.00015884501691285034,0.00013250024368374757,,,0.0072021484375,0.0126953125,0.001708984375,1.56e-06
ibm_fez,2025-11-17_18:14:06,2.827534668824404e-05,9.915649886504495e-05,,,0.4559326171875,0.16455078125,0.747314453125,1.56e-06
ibm_fez,2025-11-17_18:14:06,0.0001517577426138124,7.143902486968002e-05,,,0.017822265625,0.023681640625,0.011962890625,1.56e-06
ibm_fez,2025-11-17_18:14:06,8.65905112958023e-05,9.473766519258234e-05,,,0.0145263671875,0.0263671875,0.002685546875,1.56e-06
ibm_fez,2025-11-17_18:14:06,0.00015231632908983784,0.00012229717173245906,,,0.00537109375,0.00634765625,0.00439453125,1.56e-06
ibm_fez,2025-11-17_18:14:06,0.0001791758367210084,0.0001005565323697533,,,0.0303955078125,0.036865234375,0.02392578125,1.56e-06
ibm_fez,2025-11-17_18:14:06,0.000130443799655095,4.9289510637543793e-05,,,0.012451171875,0.0126953125,0.01220703125,1.56e-06
ibm_fez,2025-11-17_18:14:06,0.0001093814201556025,9.880398264154156e-05,,,0.015380859375,0.0185546875,0.013671875,1.56e-06
ibm_fez,2025-11-17_18:14:06,0.0001441145740240961,4.8180139604842067e-05,,,0.0091552734375,0.013671875,0.004638671875,1.56e-06
ibm_fez,2025-11-17_18:14:06,0.00018233662274769853,0.00016840342956715094,,,0.0059814453125,0.010009765625,0.001953125,1.56e-06
ibm_fez,2025-11-17_18:14:06,0.00012486268196940954,1.8713282390052384e-05,,,0.017333984375,0.021240234375,0.013427734375,1.56e-06
ibm_fez,2025-11-17_18:14:06,0.00013391331592658434,3.156987979919835e-05,,,0.005126953125,0.008544921875,0.001708984375,1.56e-06
ibm_fez,2025-11-17_18:14:06,0.00011919290561248312,0.00011612399973495919,,,0.0882568359375,0.0869140625,0.089599609375,1.56e-06
ibm_fez,2025-11-17_18:14:06,0.00010526315409505568,0.00011418862534425308,,,0.004150390625,0.007568359375,0.000732421875,1.56e-06
ibm_fez,2025-11-17_18:14:06,0.00016678455527007315,3.529608027899857e-05,,,0.0067138671875,0.009521484375,0.00390625,1.56e-06
ibm_fez,2025-11-17_18:14:06,0.00016448296004963056,9.539669752615909e-05,,,0.0078125,0.006103515625,0.009521484375,1.56e-06
ibm_fez,2025-11-17_18:14:06,0.00018943850487114418,0.00021748913314885922,,,0.0455322265625,0.068359375,0.022705078125,1.56e-06
ibm_fez,2025-11-17_18:14:06,9.94900859765357e-05,0.00011435599026656954,,,0.005615234375,0.009521484375,0.001708984375,1.56e-06
ibm_fez,2025-11-17_18:14:06,0.0001600604383736615,8.173723643982255e-05,,,0.0147705078125,0.018798828125,0.0107421875,1.56e-06
ibm_fez,2025-11-17_18:14:06,0.00017535873324066802,0.00015677770749436364,,,0.005859375,0.009765625,0.001953125,1.56e-06
ibm_fez,2025-11-17_18:14:06,0.00013701656139759126,1.9605836167210328e-05,,,0.021240234375,0.02685546875,0.015625,1.56e-06
ibm_fez,2025-11-17_18:14:06,0.00015162513953444147,0.0001677985334732108,,,0.0054931640625,0.010009765625,0.0009765625,1.56e-06
ibm_fez,2025-11-17_18:14:06,0.00014483304040653386,0.00015625369737406626,,,0.0228271484375,0.02783203125,0.017822265625,1.56e-06
ibm_fez,2025-11-17_18:14:06,7.026215627642186e-05,3.8741618702574186e-05,,,0.0137939453125,0.013427734375,0.01416015625,1.56e-06
ibm_fez,2025-11-17_18:14:06,0.00015925956064201334,0.0001789567829002092,,,0.009033203125,0.02099609375,0.004638671875,1.56e-06
ibm_fez,2025-11-17_18:14:06,0.00012693062051561966,9.809764224242873e-05,,,0.0087890625,0.009033203125,0.008544921875,1.56e-06
ibm_fez,2025-11-17_18:14:06,8.479177897794162e-05,0.00010036496407213583,,,0.0057373046875,0.009521484375,0.001953125,1.56e-06
ibm_fez,2025-11-17_18:14:06,0.00013861386306730298,1.905758689551042e-05,,,0.007080078125,0.01123046875,0.0029296875,1.56e-06
ibm_fez,2025-11-17_18:14:06,0.0001608059811873171,4.7430702142864465e-05,,,0.012939453125,0.012939453125,0.012939453125,1.56e-06
ibm_fez,2025-11-17_18:14:06,0.0001607697283031082,3.566217692172737e-05,,,0.005859375,0.009521484375,0.002197265625,1.56e-06
ibm_fez,2025-11-17_18:14:06,0.00014395931590516643,0.00017083431913123226,,,0.06005859375,0.072265625,0.0478515625,1.56e-06
ibm_fez,2025-11-17_18:14:06,0.00014645015899597755,9.256454801934719e-05,,,0.0233154296875,0.043701171875,0.0029296875,1.56e-06
ibm_fez,2025-11-17_18:14:06,0.00015259184535638295,0.00012057784638376016,,,0.0064697265625,0.011962890625,0.0009765625,1.56e-06
ibm_fez,2025-11-17_18:14:06,0.0001011364426425608,9.739300275142247e-05,,,0.010009765625,0.0166015625,0.00341796875,1.56e-06
ibm_fez,2025-11-17_18:14:06,0.00022290549452101926,0.00020181928854205074,,,0.0123291015625,0.017333984375,0.00732421875,1.56e-06
ibm_fez,2025-11-17_18:14:06,0.00010420611205942817,0.00010954358273993785,,,0.0068359375,0.009521484375,0.004150390625,1.56e-06
ibm_fez,2025-11-17_18:14:06,8.805290101896924e-05,2.2882240127170283e-05,,,0.0120849609375,0.017822265625,0.00634765625,1.56e-06
ibm_fez,2025-11-17_18:14:06,0.00011524654005188676,0.0001076929552808052,,,0.0069580078125,0.010986328125,0.0029296875,1.56e-06
ibm_fez,2025-11-17_18:14:06,0.00017646371927527787,7.92826306221916e-05,,,0.009033203125,0.010986328125,0.007080078125,1.56e-06
ibm_fez,2025-11-17_18:14:06,0.00013729302947972362,0.00010892794190592971,,,0.0067138671875,0.010986328125,0.00244140625,1.56e-06
ibm_fez,2025-11-17_18:14:06,0.00013799074250690058,9.654232834719679e-05,,,0.012939453125,0.02099609375,0.0048828125,1.56e-06
ibm_fez,2025-11-17_18:14:06,0.00015454831106961114,0.0001322735071867512,,,0.010009765625,0.009765625,0.009521484375,1.56e-06
ibm_fez,2025-11-17_18:14:06,0.0001236317804139148,3.895777001894457e-05,,,0.0921630859375,0.080810546875,0.103515625,1.56e-06
ibm_fez,2025-11-17_18:14:06,0.00011100452837111013,4.2215683706964215e-05,,,0.0057373046875,0.0087890625,0.002685546875,1.56e-06
ibm_fez,2025-11-17_18:14:06,0.0001546998947167468,0.00021022619509075097,,,0.0064697265625,0.009765625,0.003173828125,1.56e-06
ibm_fez,2025-11-17_18:14:06,0.0001660929388004484,0.00019310241548227042,,,0.009765625,0.009765625,0.009765625,1.56e-06
ibm_fez,2025-11-17_18:14:06,0.0001707690436302246,0.00017830565819386434,,,0.020751953125,0.0224609375,0.01904296875,1.56e-06
ibm_fez,2025-11-17_18:14:06,0.00012301233925903263,4.331645372136053e-05,,,0.0059814453125,0.005615234375,0.00634765625,1.56e-06
ibm_fez,2025-11-17_18:14:06,0.00010384724830472285,0.00014568775793772748,,,0.00927734375,0.01416015625,0.00439453125,1.56e-06
ibm_fez,2025-11-17_18:14:06,0.00017588561021858495,0.00012374597339719315,,,0.0057373046875,0.00732421875,0.004150390625,1.56e-06
ibm_fez,2025-11-17_18:14:06,0.00015793276395680171,0.00013636310388179387,,,0.0111083984375,0.017822265625,0.00439453125,1.56e-06
ibm_fez,2025-11-17_18:14:06,0.00018628548888614908,6.476222827492831e-05,,,0.034423828125,0.067138671875,0.001708984375,1.56e-06
ibm_fez,2025-11-17_18:14:06,0.0001407482425684001,0.00011604434542255903,,,0.0093994140625,0.0126953125,0.006103515625,1.56e-06
ibm_fez,2025-11-17_18:14:06,0.0001076884878398691,0.00011109156670855173,,,0.0042724609375,0.00830078125,0.000244140625,1.56e-06
ibm_fez,2025-11-17_18:14:06,0.00010194537419145213,4.7884676040796177e-05,,,0.0091552734375,0.01123046875,0.007080078125,1.56e-06
ibm_fez,2025-11-17_18:14:06,0.00015921376130363093,7.408718653815998e-05,,,0.005126953125,0.00732421875,0.0029296875,1.56e-06
ibm_fez,2025-11-17_18:14:06,0.0001677758585308784,0.00018011314458289934,,,0.0111083984375,0.0185546875,0.003662109375,1.56e-06
ibm_fez,2025-11-17_18:14:06,0.00012491352104539313,4.530575230864619e-05,,,0.01318359375,0.016845703125,0.009521484375,1.56e-06
ibm_fez,2025-11-17_18:14:06,0.0001866536009047052,0.00015469213237042723,,,0.0211181640625,0.01806640625,0.019287109375,1.56e-06
ibm_fez,2025-11-17_18:14:06,9.333707296061952e-05,0.00011205015351264557,,,0.004638671875,0.005615234375,0.003662109375,1.56e-06
ibm_fez,2025-11-17_18:14:06,0.00017236701425063982,0.00019702396689743327,,,0.088623046875,0.097900390625,0.079345703125,1.56e-06
ibm_fez,2025-11-17_18:14:06,0.0001292573041682273,0.0001632322325449989,,,0.0032958984375,0.00537109375,0.001220703125,1.56e-06
ibm_fez,2025-11-17_18:14:06,0.00014350797222048112,5.975830017606083e-05,,,0.0118408203125,0.01953125,0.004150390625,1.56e-06
ibm_fez,2025-11-17_18:14:06,0.0001609226602666218,3.8822858617798444e-05,,,0.0076904296875,0.009521484375,0.005859375,1.56e-06
ibm_fez,2025-11-17_18:14:06,0.0002230796783445624,0.0002461801322947929,,,0.0618896484375,0.086669921875,0.037109375,1.56e-06
ibm_fez,2025-11-17_18:14:06,5.8595965314550046e-05,5.075453298619598e-05,,,0.007080078125,0.013427734375,0.000732421875,1.56e-06
ibm_fez,2025-11-17_18:14:06,0.0001317710655664873,0.00014994523447658104,,,0.0045166015625,0.0068359375,0.002197265625,1.56e-06
ibm_fez,2025-11-17_18:14:06,7.871267310606767e-05,7.02067783036609e-05,,,0.0059814453125,0.008544921875,0.00341796875,1.56e-06
ibm_fez,2025-11-17_18:14:06,5.6082517721260817e-05,3.1895329931299775e-05,,,0.008544921875,0.015380859375,0.001708984375,1.56e-06
ibm_fez,2025-11-17_18:14:06,0.00010977455764931448,0.00019549657490482373,,,0.018310546875,0.017333984375,0.019287109375,1.56e-06
ibm_fez,2025-11-17_18:14:06,0.00014707163906748795,8.707620031028815e-05,,,0.0093994140625,0.01416015625,0.004638671875,1.56e-06
ibm_fez,2025-11-17_18:14:06,0.0001928855363436147,0.00022047199272743473,,,0.0045166015625,0.006103515625,0.0029296875,1.56e-06
ibm_fez,2025-11-17_18:14:06,0.0001966722439397868,0.0001784359420151704,,,0.0277099609375,0.052490234375,0.0029296875,1.56e-06
ibm_fez,2025-11-17_18:14:06,0.0001770366365608786,0.00022351785547159917,,,0.004638671875,0.007080078125,0.002197265625,1.56e-06
ibm_fez,2025-11-17_18:14:06,0.000218527065361599,0.00014578787842409792,,,0.018798828125,0.021240234375,0.016357421875,1.56e-06
ibm_fez,2025-11-17_18:14:06,0.0001687056548106065,1.0119992737693993e-05,,,0.004638671875,0.00732421875,0.000732421875,1.56e-06
ibm_fez,2025-11-17_18:14:06,0.0001374490817897722,0.00011835051419680057,,,0.004638671875,0.007080078125,0.002197265625,1.56e-06
ibm_fez,2025-11-17_18:14:06,9.582788778785914e-05,9.102049168147337e-05,,,0.0067138671875,0.0126953125,0.000732421875,1.56e-06
ibm_fez,2025-11-17_18:14:06,7.655256919859464e-05,6.604068475086492e-06,,,0.0462646484375,0.057373046875,0.03515625,1.56e-06
ibm_fez,2025-11-17_18:14:06,0.00010989052962308482,6.7097825845480244e-06,,,0.0045166015625,0.0068359375,0.002197265625,1.56e-06
ibm_fez,2025-11-17_18:14:06,0.00011197547409754842,0.00014671714863646458,,,0.0120849609375,0.019775390625,0.00439453125,1.56e-06
ibm_fez,2025-11-17_18:14:06,0.00016158146308736226,0.0002213088998613427,,,0.007568359375,0.010986328125,0.004150390625,1.56e-06
ibm_fez,2025-11-17_18:14:06,0.00017742980977289636,6.005772446226443e-05,,,0.01220703125,0.017822265625,0.006591796875,1.56e-06
ibm_fez,2025-11-17_18:14:06,4.800597083798977e-05,4.6196033025385774e-05,,,0.0072021484375,0.01025390625,0.004150390625,1.56e-06
ibm_fez,2025-11-17_18:14:06,0.0001040401590711219,1.5634415591552535e-05,,,0.012451171875,0.017822265625,0.007080078125,1.56e-06
ibm_torino,2025-11-17_18:14:07,0.00016690421728350003,0.0001968160854731987,,,0.136962890625,0.161865234375,0.112060546875,1.56e-06
ibm_torino,2025-11-17_18:14:07,0.0002827705969198818,0.00018016653200886326,,,0.0574951171875,0.04248046875,0.072509765625,1.56e-06
ibm_torino,2025-11-17_18:14:07,0.00017644563888442855,0.00017916166812102883,,,0.04638671875,0.0673828125,0.025390625,1.56e-06
ibm_torino,2025-11-17_18:14:07,0.00026176467858317,0.00018402070109480183,,,0.0196533203125,0.017333984375,0.02197265625,1.56e-06
ibm_torino,2025-11-17_18:14:07,0.0001557504346726844,0.0002145943029663698,,,0.0458984375,0.053466796875,0.038330078125,1.56e-06
ibm_torino,2025-11-17_18:14:07,0.00026325536330499297,0.0002697755818777383,,,0.0262451171875,0.015380859375,0.037109375,1.56e-06
ibm_torino,2025-11-17_18:14:07,3.4202973354749674e-05,3.348440601085622e-05,,,0.0125732421875,0.01806640625,0.00341796875,1.56e-06
ibm_torino,2025-11-17_18:14:07,0.0002697235604029567,0.0001704646458948953,,,0.0787353515625,0.053466796875,0.10400390625,1.56e-06
ibm_torino,2025-11-17_18:14:07,0.0001427999901052795,0.00015382295347523368,,,0.0614013671875,0.057373046875,0.0654296875,1.56e-06
ibm_torino,2025-11-17_18:14:07,4.291847769296339e-05,5.0653118119260166e-05,,,0.026611328125,0.04638671875,0.0068359375,1.56e-06
ibm_torino,2025-11-17_18:14:07,0.0002752339634949954,0.0003217724184924223,,,0.06640625,0.04150390625,0.09130859375,1.56e-06
ibm_torino,2025-11-17_18:14:07,0.0001368419245409775,0.00018104468327264405,,,0.014892578125,0.014892578125,0.014892578125,1.56e-06
ibm_torino,2025-11-17_18:14:07,0.00028865840874954806,0.0002592352476598238,,,0.0283203125,0.020263671875,0.036376953125,1.56e-06
ibm_torino,2025-11-17_18:14:07,0.00024293335654076065,0.00019502806683765832,,,0.0308837890625,0.025634765625,0.0361328125,1.56e-06
ibm_torino,2025-11-17_18:14:07,0.00023539656230426312,0.000141467829806025,,,0.044189453125,0.061279296875,0.027099609375,1.56e-06
ibm_torino,2025-11-17_18:14:07,0.0001538579146143271,3.447460264462631e-05,,,0.015380859375,0.025390625,0.00537109375,1.56e-06
ibm_torino,2025-11-17_18:14:07,0.00016987800423390336,0.00017192422622131517,,,0.0257568359375,0.0205078125,0.031005859375,1.56e-06
ibm_torino,2025-11-17_18:14:07,0.00018068670526801865,0.00010037400388332056,,,0.0087890625,0.011962890625,0.005615234375,1.56e-06
ibm_torino,2025-11-17_18:14:07,7.055256243370668e-05,9.58041839650311e-05,,,0.004150390625,0.005126953125,0.003173828125,1.56e-06
ibm_torino,2025-11-17_18:14:07,0.00011440267097379988,0.00015157821529023765,,,0.0577392578125,0.073974609375,0.04150390625,1.56e-06
ibm_torino,2025-11-17_18:14:07,0.00018197377103356614,0.00012076717953825821,,,0.01318359375,0.018310546875,0.008056640625,1.56e-06
ibm_torino,2025-11-17_18:14:07,6.852089596765253e-05,2.296091689185532e-05,,,0.063720703125,0.062255859375,0.065185546875,1.56e-06
ibm_torino,2025-11-17_18:14:07,5.56078321979424e-05,7.195892915481616e-05,,,0.033935546875,0.041259765625,0.026611328125,1.56e-06
ibm_torino,2025-11-17_18:14:07,0.00020273663957886471,0.0001922129899479505,,,0.0997314453125,0.0263671875,0.06591796875,1.56e-06
ibm_torino,2025-11-17_18:14:07,0.0001338520910582504,0.00016601867063466614,,,0.0294189453125,0.013916015625,0.044921875,1.56e-06
ibm_torino,2025-11-17_18:14:07,0.00011524187356472937,0.0001433625921652697,,,0.1097412109375,0.11181640625,0.107666015625,1.56e-06
ibm_torino,2025-11-17_18:14:07,4.878438925292236e-06,2.922957796238884e-06,,,0.0418701171875,0.043212890625,0.04052734375,1.56e-06
ibm_torino,2025-11-17_18:14:07,0.000190325769524507,0.00011615265672159918,,,0.04443359375,0.033447265625,0.055419921875,1.56e-06
ibm_torino,2025-11-17_18:14:07,0.0001668620205648732,0.00013891345878947752,,,0.008544921875,0.007568359375,0.009521484375,1.56e-06
ibm_torino,2025-11-17_18:14:07,0.00018745822068653919,0.00016418856936476967,,,0.0150146484375,0.008056640625,0.02197265625,1.56e-06
ibm_torino,2025-11-17_18:14:07,8.496055669838833e-05,0.00010432249499091467,,,0.0086669921875,0.005126953125,0.01220703125,1.56e-06
ibm_torino,2025-11-17_18:14:07,0.00022618983901611292,0.00022198783487687959,,,0.0726318359375,0.0439453125,0.101318359375,1.56e-06
ibm_torino,2025-11-17_18:14:07,0.00021041616613534067,0.00013763498005306274,,,0.02001953125,0.027099609375,0.012939453125,1.56e-06
ibm_torino,2025-11-17_18:14:07,0.00017770139438679576,7.308864527415062e-05,,,0.044677734375,0.0263671875,0.06298828125,1.56e-06
ibm_torino,2025-11-17_18:14:07,0.00012099864454484996,9.884076306833303e-05,,,0.0408935546875,0.03466796875,0.047119140625,1.56e-06
ibm_torino,2025-11-17_18:14:07,0.00012901696330873798,0.00010019633944774579,,,0.014892578125,0.01123046875,0.0185546875,1.56e-06
ibm_torino,2025-11-17_18:14:07,9.431099398937534e-05,0.00014960077750625226,,,0.00732421875,0.010986328125,0.003662109375,1.56e-06
ibm_torino,2025-11-17_18:14:07,0.0001840780006535647,6.073994779717553e-05,,,0.0028076171875,0.0029296875,0.002685546875,1.56e-06
ibm_torino,2025-11-17_18:14:07,0.00022348486074053525,0.00016598371936166407,,,0.0701904296875,0.069091796875,0.0712890625,1.56e-06
ibm_torino,2025-11-17_18:14:07,0.0001431397655774425,0.00015400397963051272,,,0.035400390625,0.023681640625,0.047119140625,1.56e-06
ibm_torino,2025-11-17_18:14:07,0.00012075070050336123,0.00015331132429501735,,,0.0218505859375,0.01318359375,0.025390625,1.56e-06
ibm_torino,2025-11-17_18:14:07,3.382514101203237e-05,5.825057965828797e-05,,,0.070068359375,0.129638671875,0.010498046875,1.56e-06
ibm_torino,2025-11-17_18:14:07,0.0001847079576011747,0.0001385284485494781,,,0.1412353515625,0.158447265625,0.1240234375,1.56e-06
ibm_torino,2025-11-17_18:14:07,6.425709319174588e-05,5.950488601608941e-05,,,0.0103759765625,0.01416015625,0.006591796875,1.56e-06
ibm_torino,2025-11-17_18:14:07,0.000275761932605432,0.00021135013921930513,,,0.032470703125,0.034912109375,0.030029296875,1.56e-06
ibm_torino,2025-11-17_18:14:07,4.8850571665767554e-05,6.17638829967281e-05,,,0.0091552734375,0.01416015625,0.004150390625,1.56e-06
ibm_torino,2025-11-17_18:14:07,0.00017782619939105064,0.0001696361107268934,,,0.044921875,0.041259765625,0.048583984375,1.56e-06
ibm_torino,2025-11-17_18:14:07,0.00016934048047355672,5.091726937062847e-05,,,0.0145263671875,0.024169921875,0.0048828125,1.56e-06
ibm_torino,2025-11-17_18:14:07,0.00021153568127736989,0.0002912409456342546,,,0.05029296875,0.04150390625,0.05908203125,1.56e-06
ibm_torino,2025-11-17_18:14:07,0.00024050757810713388,0.00014386733429197414,,,0.018798828125,0.01416015625,0.0234375,1.56e-06
ibm_torino,2025-11-17_18:14:07,0.00019124516351325083,0.00023642575641047108,,,0.084716796875,0.087158203125,0.082275390625,1.56e-06
ibm_torino,2025-11-17_18:14:07,0.00015879262058459504,0.00012527791932825352,,,0.009765625,0.008056640625,0.011474609375,1.56e-06
ibm_torino,2025-11-17_18:14:07,0.0001911236266537265,0.00024710459908461395,,,0.0299072265625,0.012939453125,0.046875,1.56e-06
ibm_torino,2025-11-17_18:14:07,2.2368561299607725e-05,6.241300371354171e-05,,,0.430908203125,0.763671875,0.09814453125,1.56e-06
ibm_torino,2025-11-17_18:14:07,5.422646510955497e-05,6.116163652335824e-05,,,0.028564453125,0.011474609375,0.045654296875,1.56e-06
ibm_torino,2025-11-17_18:14:07,0.0002122446049914648,0.00014562923190851766,,,0.00927734375,0.010986328125,0.007568359375,1.56e-06
ibm_torino,2025-11-17_18:14:07,0.00017826515195375878,0.00015775500074685872,,,0.0115966796875,0.01025390625,0.012939453125,1.56e-06
ibm_torino,2025-11-17_18:14:07,0.0001831482559873428,0.0002146278813652973,,,0.021240234375,0.01513671875,0.0302734375,1.56e-06
ibm_torino,2025-11-17_18:14:07,0.00014243831709114695,0.00015275826351127496,,,0.017822265625,0.01953125,0.01611328125,1.56e-06
ibm_torino,2025-11-17_18:14:07,0.00020894386572025545,0.00014524082153100453,,,0.04736328125,0.05615234375,0.03857421875,1.56e-06
ibm_torino,2025-11-17_18:14:07,0.00019224073757331855,0.00021228049810961884,,,0.010498046875,0.01025390625,0.0107421875,1.56e-06
ibm_torino,2025-11-17_18:14:07,5.482016546850608e-05,7.924290936756878e-05,,,0.013916015625,0.0224609375,0.00537109375,1.56e-06
ibm_torino,2025-11-17_18:14:07,0.00012964203399459603,0.00013403519157044715,,,0.012451171875,0.015625,0.00927734375,1.56e-06
ibm_torino,2025-11-17_18:14:07,0.00022786375471482313,0.00012696281289666095,,,0.0400390625,0.05029296875,0.02978515625,1.56e-06
ibm_torino,2025-11-17_18:14:07,0.00023898355951338903,0.0001263908414519465,,,0.0693359375,0.0654296875,0.0732421875,1.56e-06
ibm_torino,2025-11-17_18:14:07,0.00024005014923348297,0.00022930801630079774,,,0.0150146484375,0.01806640625,0.011962890625,1.56e-06
ibm_torino,2025-11-17_18:14:07,0.000267823589616498,0.00023868606679869084,,,0.0048828125,0.006103515625,0.003662109375,1.56e-06
ibm_torino,2025-11-17_18:14:07,0.00012559402358095216,0.00011214261961227284,,,0.0450439453125,0.052734375,0.037353515625,1.56e-06
ibm_torino,2025-11-17_18:14:07,0.00016597650629430108,7.639669691270256e-05,,,0.0069580078125,0.00537109375,0.008544921875,1.56e-06
ibm_torino,2025-11-17_18:14:07,0.00015647136701099593,5.3057063726033894e-05,,,0.0364990234375,0.035888671875,0.037109375,1.56e-06
ibm_torino,2025-11-17_18:14:07,8.873959479883004e-05,4.2123033792417123e-05,,,0.0538330078125,0.036376953125,0.0712890625,1.56e-06
ibm_torino,2025-11-17_18:14:07,0.00021096381344779729,4.492529298281476e-05,,,0.0439453125,0.04638671875,0.04150390625,1.56e-06
ibm_torino,2025-11-17_18:14:07,0.0002439668738536315,8.759989511130113e-05,,,0.0093994140625,0.003662109375,0.01513671875,1.56e-06
ibm_torino,2025-11-17_18:14:07,0.00020399991285735154,9.721702532137647e-05,,,0.0228271484375,0.02001953125,0.025634765625,1.56e-06
ibm_torino,2025-11-17_18:14:07,0.000223034925057186,0.00012152478711575373,,,0.01953125,0.013671875,0.02099609375,1.56e-06
ibm_torino,2025-11-17_18:14:07,0.00021921656665773175,0.00012411445760815464,,,0.0196533203125,0.024658203125,0.0146484375,1.56e-06
ibm_torino,2025-11-17_18:14:07,0.00030156268918156686,0.000276802317422263,,,0.095458984375,0.02587890625,0.1650390625,1.56e-06
ibm_torino,2025-11-17_18:14:07,0.00022829947981839747,0.00017618362765835257,,,0.0262451171875,0.018798828125,0.03369140625,1.56e-06
ibm_torino,2025-11-17_18:14:07,0.00010258536526720158,0.00010755515494068835,,,0.061767578125,0.07470703125,0.048828125,1.56e-06
ibm_torino,2025-11-17_18:14:07,6.518862701371425e-05,8.321684349149056e-05,,,0.0341796875,0.065673828125,0.002685546875,1.56e-06
ibm_torino,2025-11-17_18:14:07,0.00012971184762202264,2.575529392278087e-05,,,0.0260009765625,0.02392578125,0.028076171875,1.56e-06
ibm_torino,2025-11-17_18:14:07,0.00014052673300478632,0.00014787073530872,,,0.0057373046875,0.003662109375,0.0078125,1.56e-06
ibm_torino,2025-11-17_18:14:07,0.0002564387240831679,0.0001817477441440355,,,0.0654296875,0.062744140625,0.068115234375,1.56e-06
ibm_torino,2025-11-17_18:14:07,9.441623289573152e-05,7.764910063319165e-05,,,0.0208740234375,0.011962890625,0.02978515625,1.56e-06
ibm_torino,2025-11-17_18:14:07,0.00023595178491150987,0.00014283994248767427,,,0.0880126953125,0.099365234375,0.07666015625,1.56e-06
ibm_torino,2025-11-17_18:14:07,3.3330848074903295e-06,6.928732807106434e-06,,,0.0345458984375,0.055419921875,0.013671875,1.56e-06
ibm_torino,2025-11-17_18:14:07,0.00017496179505103673,0.00011043005726350176,,,0.23388671875,0.43798828125,0.02978515625,1.56e-06
ibm_torino,2025-11-17_18:14:07,0.00019047769096012355,0.0001996939483921434,,,0.0064697265625,0.004638671875,0.00830078125,1.56e-06
ibm_torino,2025-11-17_18:14:07,0.0002691078787019753,0.00039645541837162146,,,0.1302490234375,0.1396484375,0.120849609375,1.56e-06
ibm_torino,2025-11-17_18:14:07,0.00020544436184805021,0.00017598838764158834,,,0.0794677734375,0.06396484375,0.094970703125,1.56e-06
ibm_torino,2025-11-17_18:14:07,0.00023034137149924216,0.0002389658108999797,,,0.0203857421875,0.01318359375,0.027587890625,1.56e-06
ibm_torino,2025-11-17_18:14:07,0.00019083834953816068,9.959260102857742e-05,,,0.0172119140625,0.0185546875,0.022216796875,1.56e-06
ibm_torino,2025-11-17_18:14:07,0.00020836473730152092,0.00017000311833076666,,,0.0074462890625,0.004150390625,0.0107421875,1.56e-06
ibm_torino,2025-11-17_18:14:07,0.00022236119508231895,0.00015969189415559017,,,0.0107421875,0.009521484375,0.011962890625,1.56e-06
ibm_torino,2025-11-17_18:14:07,0.00022606649271294214,0.0002346084892412722,,,0.0216064453125,0.0185546875,0.024658203125,1.56e-06
ibm_torino,2025-11-17_18:14:07,6.0501282764760204e-05,8.314363669073215e-05,,,0.0179443359375,0.018310546875,0.017578125,1.56e-06
ibm_torino,2025-11-17_18:14:07,0.00010920439496842675,0.00010836789760441694,,,0.0130615234375,0.01318359375,0.012939453125,1.56e-06
ibm_torino,2025-11-17_18:14:07,0.00014976847568047612,0.00016418002551249174,,,0.0966796875,0.091064453125,0.102294921875,1.56e-06
ibm_torino,2025-11-17_18:14:07,0.00014197794115418383,8.54920295640822e-05,,,0.0159912109375,0.024658203125,0.00732421875,1.56e-06
ibm_torino,2025-11-17_18:14:07,0.0001834854901601712,0.00013201386545160057,,,0.0401611328125,0.041259765625,0.0390625,1.56e-06
ibm_torino,2025-11-17_18:14:07,0.00011544351593103734,0.00015522747551973648,,,0.0572509765625,0.068359375,0.046142578125,1.56e-06
ibm_torino,2025-11-17_18:14:07,0.0002301901276431841,0.00010350451409480312,,,0.0511474609375,0.054931640625,0.04736328125,1.56e-06
ibm_torino,2025-11-17_18:14:07,0.00026650470883898125,3.870860246435334e-05,,,0.0150146484375,0.015869140625,0.01416015625,1.56e-06
ibm_torino,2025-11-17_18:14:07,0.0002546531411213813,7.777423200879423e-05,,,0.0775146484375,0.0810546875,0.073974609375,1.56e-06
ibm_torino,2025-11-17_18:14:07,9.212425943450617e-05,8.015233899037811e-05,,,0.0330810546875,0.051513671875,0.0146484375,1.56e-06
ibm_torino,2025-11-17_18:14:07,0.00010141048714263692,2.2056951865712787e-05,,,0.069091796875,0.079833984375,0.058349609375,1.56e-06
ibm_torino,2025-11-17_18:14:07,0.00011598507593493534,0.00014347346627490093,,,0.1201171875,0.15185546875,0.08837890625,1.56e-06
ibm_torino,2025-11-17_18:14:07,0.00021407241202655994,0.00019285394386128784,,,0.0360107421875,0.029052734375,0.04296875,1.56e-06
ibm_torino,2025-11-17_18:14:07,2.6018101860622673e-05,4.4144175170206936e-05,,,0.063720703125,0.1025390625,0.024169921875,1.56e-06
ibm_torino,2025-11-17_18:14:07,0.0002532024088075058,0.0003040934288508582,,,0.0543212890625,0.042236328125,0.06640625,1.56e-06
ibm_torino,2025-11-17_18:14:07,0.00022559415909424643,0.00011164882434463139,,,0.01123046875,0.0087890625,0.013671875,1.56e-06
ibm_torino,2025-11-17_18:14:07,0.0001951873135093611,0.00011197833716851453,,,0.0087890625,0.007080078125,0.010498046875,1.56e-06
ibm_torino,2025-11-17_18:14:07,0.00024727271194662637,0.00011984426173714364,,,0.009033203125,0.005615234375,0.012451171875,1.56e-06
ibm_torino,2025-11-17_18:14:07,0.00012144219978279759,0.00014064503499379975,,,0.0360107421875,0.034423828125,0.03759765625,1.56e-06
ibm_torino,2025-11-17_18:14:07,0.00010268880386117395,0.0001297017590514559,,,0.0537109375,0.01123046875,0.09619140625,1.56e-06
ibm_torino,2025-11-17_18:14:07,6.599561873055633e-05,9.035400095130506e-05,,,0.122802734375,0.099609375,0.14599609375,1.56e-06
ibm_torino,2025-11-17_18:14:07,9.35742217685211e-05,0.000161889566560746,,,0.0545654296875,0.03759765625,0.071533203125,1.56e-06
ibm_torino,2025-11-17_18:14:07,0.00011424607803275196,6.328707804387412e-05,,,0.0068359375,0.01220703125,0.00146484375,1.56e-06
ibm_torino,2025-11-17_18:14:07,0.00024922840703589457,0.0002995933058296348,,,0.113037109375,0.083984375,0.14208984375,1.56e-06
ibm_torino,2025-11-17_18:14:07,0.00010920543458858151,9.830187245899931e-05,,,0.03466796875,0.03271484375,0.03662109375,1.56e-06
ibm_torino,2025-11-17_18:14:07,7.199431064057959e-05,9.096974685258163e-05,,,0.0157470703125,0.024169921875,0.00732421875,1.56e-06
ibm_torino,2025-11-17_18:14:07,0.0002632833380917501,0.00017941211971437009,,,0.0299072265625,0.01806640625,0.041748046875,1.56e-06
ibm_torino,2025-11-17_18:14:07,0.00024780199774106617,0.00014886675943277255,,,0.05908203125,0.04345703125,0.07470703125,1.56e-06
ibm_torino,2025-11-17_18:14:07,4.895918303424961e-05,3.704895928851651e-05,,,0.022216796875,0.037353515625,0.007080078125,1.56e-06
ibm_torino,2025-11-17_18:14:07,0.00016632572289551322,0.00010181643654410652,,,0.1187744140625,0.1318359375,0.105712890625,1.56e-06
ibm_torino,2025-11-17_18:14:07,0.00010364736847354538,8.596507938539254e-05,,,0.005615234375,0.0078125,0.0029296875,1.56e-06
ibm_torino,2025-11-17_18:14:07,0.00014389699752462114,0.0001293657318825621,,,0.09423828125,0.097412109375,0.091064453125,1.56e-06
ibm_torino,2025-11-17_18:14:07,0.00013295926135052037,8.532890978860217e-05,,,0.166015625,0.158203125,0.173828125,1.56e-06
ibm_torino,2025-11-17_18:14:07,0.0003236929725828836,0.00017606315778504616,,,0.093017578125,0.08349609375,0.1025390625,1.56e-06
ibm_torino,2025-11-17_18:14:07,0.00021311089979303896,0.00012489784601100486,,,0.0377197265625,0.041748046875,0.03369140625,1.56e-06
ibm_torino,2025-11-17_18:14:07,0.0002922719365888616,0.00026815454013945735,,,0.0164794921875,0.01171875,0.021240234375,1.56e-06
ibm_torino,2025-11-17_18:14:07,0.00023950245229639099,4.933180849308255e-05,,,0.0113525390625,0.00634765625,0.016357421875,1.56e-06
ibm_torino,2025-11-17_18:14:07,0.0001911808845100788,0.00017269375717859258,,,0.016357421875,0.010498046875,0.022216796875,1.56e-06
ibm_marrakesh,2025-11-17_18:14:07,0.00017601991415358486,5.160468121088047e-05,,,0.0098876953125,0.018798828125,0.0009765625,2.584e-06
ibm_marrakesh,2025-11-17_18:14:07,0.00020076469601719454,0.00019060661562640382,,,0.005859375,0.007568359375,0.004150390625,2.584e-06
ibm_marrakesh,2025-11-17_18:14:07,0.00026453570289094964,0.0003642049272643544,,,0.002685546875,0.005126953125,0.000244140625,2.584e-06
ibm_marrakesh,2025-11-17_18:14:07,0.0002834200882070934,0.000287351718650662,,,0.005859375,0.00830078125,0.00341796875,2.584e-06
ibm_marrakesh,2025-11-17_18:14:07,0.0002121267303495166,8.18499848333515e-05,,,0.0184326171875,0.0361328125,0.000732421875,2.584e-06
ibm_marrakesh,2025-11-17_18:14:07,0.00026984326204755333,0.00011358521484417266,,,0.0069580078125,0.008056640625,0.005859375,2.584e-06
ibm_marrakesh,2025-11-17_18:14:07,0.00024167102472439386,0.00010493501882837527,,,0.006103515625,0.009765625,0.00244140625,2.584e-06
ibm_marrakesh,2025-11-17_18:14:07,0.00024627351883379443,7.492689424295716e-05,,,0.0047607421875,0.007568359375,0.001953125,2.584e-06
ibm_marrakesh,2025-11-17_18:14:07,0.0001780247033023873,7.208721750312238e-05,,,0.005859375,0.010009765625,0.001708984375,2.584e-06
ibm_marrakesh,2025-11-17_18:14:07,0.00013334411952734955,0.000100263722754757,,,0.0264892578125,0.0205078125,0.032470703125,2.584e-06
ibm_marrakesh,2025-11-17_18:14:07,0.0002588219240121618,0.00012709076656310038,,,0.0025634765625,0.0078125,0.00146484375,2.584e-06
ibm_marrakesh,2025-11-17_18:14:07,0.00029919956530361755,0.00011012622584039566,,,0.0068359375,0.010009765625,0.003662109375,2.584e-06
ibm_marrakesh,2025-11-17_18:14:07,0.0002545717215315012,0.00014943269332119743,,,0.0032958984375,0.003662109375,0.0029296875,2.584e-06
ibm_marrakesh,2025-11-17_18:14:07,0.00021546708742623634,0.00017706176224859904,,,0.0604248046875,0.040771484375,0.080078125,2.584e-06
ibm_marrakesh,2025-11-17_18:14:07,0.000124183838622808,8.400561616258514e-05,,,0.003662109375,0.006103515625,0.001220703125,2.584e-06
ibm_marrakesh,2025-11-17_18:14:07,0.00020237808740006567,3.334937215272931e-05,,,0.003662109375,0.00537109375,0.001953125,2.584e-06
ibm_marrakesh,2025-11-17_18:14:07,0.0001554612782595518,0.00014792488724700757,,,0.0062255859375,0.0107421875,0.001708984375,2.584e-06
ibm_marrakesh,2025-11-17_18:14:07,0.0003095323363274705,9.62508022749631e-06,,,0.0048828125,0.008544921875,0.001220703125,2.584e-06
ibm_marrakesh,2025-11-17_18:14:07,0.00012678694375300848,7.322655401826804e-05,,,0.0147705078125,0.027099609375,0.00244140625,2.584e-06
ibm_marrakesh,2025-11-17_18:14:07,0.00016681457764767667,6.560313879173506e-05,,,0.0050048828125,0.009033203125,0.0009765625,2.584e-06
ibm_marrakesh,2025-11-17_18:14:07,0.0001582154804520932,0.00023852144834418163,,,0.005615234375,0.01025390625,0.0009765625,2.584e-06
ibm_marrakesh,2025-11-17_18:14:07,0.00024833196088244817,0.0001522342111007837,,,0.004638671875,0.0068359375,0.00244140625,2.584e-06
ibm_marrakesh,2025-11-17_18:14:07,0.0002460135732915319,4.183151079877388e-05,,,0.0048828125,0.008544921875,0.001220703125,2.584e-06
ibm_marrakesh,2025-11-17_18:14:07,0.00027712698127909925,0.00017678952341173009,,,0.028564453125,0.05126953125,0.005859375,2.584e-06
ibm_marrakesh,2025-11-17_18:14:07,0.000123368346689165,3.801706982771716e-05,,,0.0162353515625,0.029541015625,0.0029296875,2.584e-06
ibm_marrakesh,2025-11-17_18:14:07,9.896317868634264e-05,4.062982408502425e-05,,,0.0113525390625,0.020751953125,0.001953125,2.584e-06
ibm_marrakesh,2025-11-17_18:14:07,7.048668719087512e-06,8.949839647266632e-06,,,0.0418701171875,0.076416015625,0.00732421875,2.584e-06
ibm_marrakesh,2025-11-17_18:14:07,0.00017808925318546948,9.635453094493883e-05,,,0.0169677734375,0.02490234375,0.00830078125,2.584e-06
ibm_marrakesh,2025-11-17_18:14:07,0.0002617633575492529,0.00012270255963583543,,,0.0118408203125,0.01611328125,0.007568359375,2.584e-06
ibm_marrakesh,2025-11-17_18:14:07,5.001741131519097e-05,4.409902959192338e-05,,,0.0604248046875,0.05322265625,0.067626953125,2.584e-06
ibm_marrakesh,2025-11-17_18:14:07,0.000245674665341435,6.271311859419113e-05,,,0.0045166015625,0.006103515625,0.0029296875,2.584e-06
ibm_marrakesh,2025-11-17_18:14:07,0.0001451520361479838,5.709167542844455e-05,,,0.02099609375,0.038818359375,0.003173828125,2.584e-06
ibm_marrakesh,2025-11-17_18:14:07,0.0002897530880432553,4.0183326400385355e-05,,,0.004150390625,0.006103515625,0.002197265625,2.584e-06
ibm_marrakesh,2025-11-17_18:14:07,0.0001661944720017247,0.0001673099068390324,,,0.0137939453125,0.026611328125,0.0009765625,2.584e-06
ibm_marrakesh,2025-11-17_18:14:07,0.00018429263276432433,0.000178213665719843,,,0.017822265625,0.033203125,0.00244140625,2.584e-06
ibm_marrakesh,2025-11-17_18:14:07,0.00037122704668768477,0.0005359163611183658,,,0.006103515625,0.009033203125,0.003173828125,2.584e-06
ibm_marrakesh,2025-11-17_18:14:07,0.0003028070955649859,0.00010685257471139024,,,0.00732421875,0.014404296875,0.000244140625,2.584e-06
ibm_marrakesh,2025-11-17_18:14:07,0.00010735234359041775,1.3256256838475531e-05,,,0.01953125,0.024169921875,0.014892578125,2.584e-06
ibm_marrakesh,2025-11-17_18:14:07,0.0001105477428145646,2.412375900525066e-05,,,0.00927734375,0.018310546875,0.000244140625,2.584e-06
ibm_marrakesh,2025-11-17_18:14:07,0.00014307499008088341,9.71020307311932e-05,,,0.0101318359375,0.014892578125,0.00537109375,2.584e-06
ibm_marrakesh,2025-11-17_18:14:07,0.00017442181971477318,0.00012347883983234806,,,0.2689208984375,0.142333984375,0.3955078125,2.584e-06
ibm_marrakesh,2025-11-17_18:14:07,0.0002264286388645016,2.5952777526066983e-05,,,0.0093994140625,0.01708984375,0.001708984375,2.584e-06
ibm_marrakesh,2025-11-17_18:14:07,0.00030856161724941873,0.00011814392136122336,,,0.01220703125,0.0205078125,0.00390625,2.584e-06
ibm_marrakesh,2025-11-17_18:14:07,0.0003071783154101097,0.00010714480520959836,,,0.00830078125,0.01416015625,0.00244140625,2.584e-06
ibm_marrakesh,2025-11-17_18:14:07,0.0001621487470819856,0.00018273006027164258,,,0.004638671875,0.00537109375,0.00244140625,2.584e-06
ibm_marrakesh,2025-11-17_18:14:07,9.199685660445831e-05,8.93239207854972e-05,,,0.006591796875,0.011962890625,0.001220703125,2.584e-06
ibm_marrakesh,2025-11-17_18:14:07,0.000265981470471287,0.00013052303102269872,,,0.013671875,0.023681640625,0.003662109375,2.584e-06
ibm_marrakesh,2025-11-17_18:14:07,0.00020485525914269167,9.929878404762614e-05,,,0.005615234375,0.00927734375,0.001953125,2.584e-06
ibm_marrakesh,2025-11-17_18:14:07,0.00026582447504470264,0.0003045768673574981,,,0.0521240234375,0.082275390625,0.02197265625,2.584e-06
ibm_marrakesh,2025-11-17_18:14:07,0.00016256288289221647,0.00015239738157864425,,,0.04150390625,0.0791015625,0.00390625,2.584e-06
ibm_marrakesh,2025-11-17_18:14:07,0.0002368842025247584,0.00018496872137107774,,,0.0172119140625,0.03076171875,0.003662109375,2.584e-06
ibm_marrakesh,2025-11-17_18:14:07,0.00023115197067600311,0.00031055328655991076,,,0.0770263671875,0.111328125,0.042724609375,2.584e-06
ibm_marrakesh,2025-11-17_18:14:07,0.00018286658307767242,0.00011117545330467478,,,0.007080078125,0.008056640625,0.006103515625,2.584e-06
ibm_marrakesh,2025-11-17_18:14:07,0.00019175404454536637,0.00013832883456434323,,,0.010009765625,0.0146484375,0.00537109375,2.584e-06
ibm_marrakesh,2025-11-17_18:14:07,0.00025894233655867466,0.00032853474993899514,,,0.00390625,0.00390625,0.00390625,2.584e-06
ibm_marrakesh,2025-11-17_18:14:07,0.0002134067964380926,7.625546495238177e-05,,,0.0146484375,0.017578125,0.01171875,2.584e-06
ibm_marrakesh,2025-11-17_18:14:07,0.00022315822716994894,7.778984504443839e-05,,,0.0115966796875,0.0146484375,0.008544921875,2.584e-06
ibm_marrakesh,2025-11-17_18:14:07,0.00024902696709108377,0.0001785363153875641,,,0.01123046875,0.013427734375,0.009033203125,2.584e-06
ibm_marrakesh,2025-11-17_18:14:07,0.00024947632545699707,0.00025534622916644606,,,0.0321044921875,0.048583984375,0.015625,2.584e-06
ibm_marrakesh,2025-11-17_18:14:07,0.00016090124549657036,0.0001862013014566097,,,0.009765625,0.01513671875,0.00439453125,2.584e-06
ibm_marrakesh,2025-11-17_18:14:07,0.0002162496882982222,0.00015442438180945453,,,0.058349609375,0.040771484375,0.075927734375,2.584e-06
ibm_marrakesh,2025-11-17_18:14:07,0.00028743459865731717,0.0003030817486249663,,,0.0126953125,0.0205078125,0.011474609375,2.584e-06
ibm_marrakesh,2025-11-17_18:14:07,0.0001325238492349729,7.68395564012712e-05,,,0.013916015625,0.022705078125,0.005126953125,2.584e-06
ibm_marrakesh,2025-11-17_18:14:07,0.00011909618828905474,0.00014866235030980683,,,0.11376953125,0.068359375,0.1591796875,2.584e-06
ibm_marrakesh,2025-11-17_18:14:07,0.0002138865769806958,0.00011943183830102975,,,0.003662109375,0.00634765625,0.0009765625,2.584e-06
ibm_marrakesh,2025-11-17_18:14:07,0.0002541788772085165,6.953359398045477e-05,,,0.037353515625,0.0322265625,0.04248046875,2.584e-06
ibm_marrakesh,2025-11-17_18:14:07,0.0001302787645510507,8.563430291706928e-05,,,0.0032958984375,0.00634765625,0.000244140625,2.584e-06
ibm_marrakesh,2025-11-17_18:14:07,0.00019609116782011495,9.706423945385265e-05,,,0.0609130859375,0.100830078125,0.02099609375,2.584e-06
ibm_marrakesh,2025-11-17_18:14:07,0.00010535713237366619,2.8927409463795694e-05,,,0.0057373046875,0.01123046875,0.000244140625,2.584e-06
ibm_marrakesh,2025-11-17_18:14:07,9.451369176697374e-05,1.4260957045300915e-05,,,0.023681640625,0.028076171875,0.019287109375,2.584e-06
ibm_marrakesh,2025-11-17_18:14:07,0.00017770364089635847,2.0292962783690217e-05,,,0.02734375,0.050048828125,0.004638671875,2.584e-06
ibm_marrakesh,2025-11-17_18:14:07,0.0001218804951352207,0.0001395442130688573,,,0.00732421875,0.013671875,0.0009765625,2.584e-06
ibm_marrakesh,2025-11-17_18:14:07,0.00015146838758453614,6.017316428823183e-05,,,0.01708984375,0.029052734375,0.005126953125,2.584e-06
ibm_marrakesh,2025-11-17_18:14:07,0.00019978929572794953,0.00015626382668066152,,,0.0125732421875,0.024169921875,0.0009765625,2.584e-06
ibm_marrakesh,2025-11-17_18:14:07,0.00011261817188711202,1.3483565719073969e-05,,,0.0184326171875,0.021484375,0.015380859375,2.584e-06
ibm_marrakesh,2025-11-17_18:14:07,0.00026481399503945917,0.000262762391892411,,,0.007568359375,0.013427734375,0.001708984375,2.584e-06
ibm_marrakesh,2025-11-17_18:14:07,0.00014134755558822216,5.466847677883944e-05,,,0.0081787109375,0.012451171875,0.00390625,2.584e-06
ibm_marrakesh,2025-11-17_18:14:07,0.00030883301030558473,0.00015895424213060224,,,0.017822265625,0.02685546875,0.0087890625,2.584e-06
ibm_marrakesh,2025-11-17_18:14:07,0.00018548669078257847,0.00013532912985366388,,,0.0050048828125,0.0087890625,0.002197265625,2.584e-06
ibm_marrakesh,2025-11-17_18:14:07,0.00012285065910496356,4.143521183205784e-05,,,0.1148681640625,0.09423828125,0.135498046875,2.584e-06
ibm_marrakesh,2025-11-17_18:14:07,0.00016089694009238087,4.570996058304353e-05,,,0.0081787109375,0.01318359375,0.003173828125,2.584e-06
ibm_marrakesh,2025-11-17_18:14:07,0.00022508276564107803,0.00022401806352954757,,,0.0145263671875,0.0185546875,0.010498046875,2.584e-06
ibm_marrakesh,2025-11-17_18:14:07,1.0034489956174083e-05,1.5188323492435231e-05,,,0.2730712890625,0.389892578125,0.15625,2.584e-06
ibm_marrakesh,2025-11-17_18:14:07,0.00016914619318294494,0.0001878590556709314,,,0.1011962890625,0.134033203125,0.068359375,2.584e-06
ibm_marrakesh,2025-11-17_18:14:07,0.00020650071499704576,0.00018521125515610977,,,0.010498046875,0.019287109375,0.001708984375,2.584e-06
ibm_marrakesh,2025-11-17_18:14:07,0.00018453772346290978,6.097529442205168e-05,,,0.00732421875,0.01123046875,0.00341796875,2.584e-06
ibm_marrakesh,2025-11-17_18:14:07,0.00016386599260222916,9.599275808077636e-05,,,0.0052490234375,0.009521484375,0.0009765625,2.584e-06
ibm_marrakesh,2025-11-17_18:14:07,0.00021843054059370718,0.00017347532776887874,,,0.0048828125,0.008544921875,0.001220703125,2.584e-06
ibm_marrakesh,2025-11-17_18:14:07,0.00026803371151273413,0.0001927843873630325,,,0.0181884765625,0.02197265625,0.014404296875,2.584e-06
ibm_marrakesh,2025-11-17_18:14:07,0.00032952017263635197,0.0003580180966182142,,,0.01025390625,0.0166015625,0.00390625,2.584e-06
ibm_marrakesh,2025-11-17_18:14:07,7.022865963568434e-05,6.120186974153517e-05,,,0.021728515625,0.03515625,0.00830078125,2.584e-06
ibm_marrakesh,2025-11-17_18:14:07,0.0001646720579023312,0.00026436247571788867,,,0.010498046875,0.015380859375,0.005615234375,2.584e-06
ibm_marrakesh,2025-11-17_18:14:07,0.000317166726892515,0.00027165761424522794,,,0.0048828125,0.007568359375,0.002197265625,2.584e-06
ibm_marrakesh,2025-11-17_18:14:07,0.00031240901897346444,0.00024844269427651023,,,0.0050048828125,0.007080078125,0.0029296875,2.584e-06
ibm_marrakesh,2025-11-17_18:14:07,0.00029298773021393677,0.00026470554595011607,,,0.004150390625,0.00732421875,0.0009765625,2.584e-06
ibm_marrakesh,2025-11-17_18:14:07,0.0001833388521820294,0.00027808824750021055,,,0.010009765625,0.0107421875,0.011474609375,2.584e-06
ibm_marrakesh,2025-11-17_18:14:07,0.00016951774071785443,3.43900086389152e-05,,,0.0548095703125,0.0498046875,0.059814453125,2.584e-06
ibm_marrakesh,2025-11-17_18:14:07,0.00023207214325243015,6.179068536340573e-05,,,0.0076904296875,0.011962890625,0.00341796875,2.584e-06
ibm_marrakesh,2025-11-17_18:14:07,0.0002753405356132364,6.016266726131509e-05,,,0.0045166015625,0.0068359375,0.002197265625,2.584e-06
ibm_marrakesh,2025-11-17_18:14:07,0.00016233861297514058,5.560226620475145e-05,,,0.00439453125,0.008056640625,0.000732421875,2.584e-06
ibm_marrakesh,2025-11-17_18:14:07,0.00010763201416352578,0.00010805598246057327,,,0.0750732421875,0.0537109375,0.096435546875,2.584e-06
ibm_marrakesh,2025-11-17_18:14:07,0.00015542994651727507,7.475944144735199e-05,,,0.0162353515625,0.02783203125,0.004638671875,2.584e-06
ibm_marrakesh,2025-11-17_18:14:07,9.603571803303595e-05,7.007996940529626e-05,,,0.0140380859375,0.025390625,0.002685546875,2.584e-06
ibm_marrakesh,2025-11-17_18:14:07,9.355221376839436e-05,5.9620966588052126e-05,,,0.0126953125,0.024169921875,0.001220703125,2.584e-06
ibm_marrakesh,2025-11-17_18:14:07,0.0003055501037005174,0.0002877297666346149,,,0.010986328125,0.016357421875,0.005615234375,2.584e-06
ibm_marrakesh,2025-11-17_18:14:07,0.0001416787635334617,0.00010781508020397065,,,0.0079345703125,0.01513671875,0.000732421875,2.584e-06
ibm_marrakesh,2025-11-17_18:14:07,0.00021882960581902074,0.00014373902333426056,,,0.0142822265625,0.019775390625,0.0087890625,2.584e-06
ibm_marrakesh,2025-11-17_18:14:07,0.0003734921332412912,0.0003784042322176233,,,0.0068359375,0.008544921875,0.005126953125,2.584e-06
ibm_marrakesh,2025-11-17_18:14:07,1.9854414830848844e-05,2.4475887707570038e-05,,,0.0130615234375,0.020751953125,0.00537109375,2.584e-06
ibm_marrakesh,2025-11-17_18:14:07,0.00029473587143946645,0.00010434140514624665,,,0.00830078125,0.0078125,0.0087890625,2.584e-06
ibm_marrakesh,2025-11-17_18:14:07,0.0002079079563169365,0.0001799790575305233,,,0.009033203125,0.010009765625,0.008056640625,2.584e-06
ibm_marrakesh,2025-11-17_18:14:07,0.0001777411272878768,0.00010564721452328903,,,0.0753173828125,0.05078125,0.099853515625,2.584e-06
ibm_marrakesh,2025-11-17_18:14:07,0.0003065139113935632,0.00023308629810454718,,,0.00439453125,0.0068359375,0.002197265625,2.584e-06
ibm_marrakesh,2025-11-17_18:14:07,0.00013922615507677824,0.00012111110201074951,,,0.281982421875,0.48828125,0.07568359375,2.584e-06
ibm_marrakesh,2025-11-17_18:14:07,0.0003278688307432449,0.0003680204666474255,,,0.00634765625,0.009765625,0.0029296875,2.584e-06
ibm_marrakesh,2025-11-17_18:14:07,0.00020022336990511657,8.383589283404681e-05,,,0.00390625,0.005615234375,0.002197265625,2.584e-06
ibm_marrakesh,2025-11-17_18:14:07,8.674969889872911e-05,8.477591789003187e-05,,,0.020751953125,0.026611328125,0.014892578125,2.584e-06
ibm_marrakesh,2025-11-17_18:14:07,0.00019321498913830562,1.2639592665749489e-05,,,0.0126953125,0.014404296875,0.010986328125,2.584e-06
ibm_marrakesh,2025-11-17_18:14:07,0.0001049967717417369,4.9105334582985705e-05,,,0.009765625,0.017578125,0.001953125,2.584e-06
ibm_marrakesh,2025-11-17_18:14:07,0.0002320683273403181,7.56274732378708e-05,,,0.211181640625,0.416015625,0.00634765625,2.584e-06
ibm_marrakesh,2025-11-17_18:14:07,0.00015208083232990576,6.780477336690565e-05,,,0.0091552734375,0.01806640625,0.000244140625,2.584e-06
ibm_marrakesh,2025-11-17_18:14:07,0.0001565545858608578,0.00017247821081559921,,,0.0489501953125,0.09033203125,0.007568359375,2.584e-06
ibm_marrakesh,2025-11-17_18:14:07,0.0002353517149548004,2.5016307606195618e-05,,,0.005615234375,0.009521484375,0.001708984375,2.584e-06
ibm_marrakesh,2025-11-17_18:14:07,0.00020153288150152917,9.8414221719708e-05,,,0.0078125,0.01171875,0.00390625,2.584e-06
ibm_marrakesh,2025-11-17_18:14:07,0.00012630270345440953,0.00010708200933369337,,,0.006103515625,0.011474609375,0.000732421875,2.584e-06
ibm_marrakesh,2025-11-17_18:14:07,0.00019706480675030488,5.9996651651550036e-05,,,0.019775390625,0.038330078125,0.001220703125,2.584e-06
ibm_marrakesh,2025-11-17_18:14:07,0.00019048327372658117,1.4446765989228903e-05,,,0.02685546875,0.034423828125,0.019287109375,2.584e-06
ibm_marrakesh,2025-11-17_18:14:07,0.00016308984834935541,1.973292986460753e-05,,,0.0242919921875,0.03515625,0.013427734375,2.584e-06
ibm_marrakesh,2025-11-17_18:14:07,0.0003119325277905689,0.0004177935386053402,,,0.0062255859375,0.009033203125,0.00341796875,2.584e-06
ibm_marrakesh,2025-11-17_18:14:07,0.0003022630262978003,0.0003078737784335242,,,0.0067138671875,0.0107421875,0.001953125,2.584e-06
ibm_marrakesh,2025-11-17_18:14:07,0.0003057292730453492,1.703325357952534e-05,,,0.1234130859375,0.117919921875,0.12890625,2.584e-06
ibm_marrakesh,2025-11-17_18:14:07,0.00024456396224287966,0.00018385354607509342,,,0.0076904296875,0.00927734375,0.006103515625,2.584e-06
ibm_marrakesh,2025-11-17_18:14:07,0.0003782905652724309,0.00010465687783303965,,,0.00830078125,0.01416015625,0.00244140625,2.584e-06
ibm_marrakesh,2025-11-17_18:14:07,0.0004899512830817184,0.00028191450744640095,,,0.0096435546875,0.016845703125,0.00244140625,2.584e-06
ibm_marrakesh,2025-11-17_18:14:07,0.00022869334769038508,0.0001437614752848041,,,0.00732421875,0.01025390625,0.00439453125,2.584e-06
ibm_marrakesh,2025-11-17_18:14:07,0.0003769424357015628,7.940088081472208e-05,,,0.0792236328125,0.051025390625,0.107421875,2.584e-06
ibm_marrakesh,2025-11-17_18:14:07,0.00024373068925791683,0.0001541607467853207,,,0.0048828125,0.00927734375,0.00048828125,2.584e-06
ibm_marrakesh,2025-11-17_18:14:07,7.749451100787206e-05,1.698132593545379e-05,,,0.0577392578125,0.10400390625,0.011474609375,2.584e-06
ibm_marrakesh,2025-11-17_18:14:07,0.00025996435773168055,0.00018313334885299682,,,0.0064697265625,0.00927734375,0.003662109375,2.584e-06
ibm_marrakesh,2025-11-17_18:14:07,0.0001408873005882275,0.00018573327514436228,,,0.004150390625,0.00537109375,0.0029296875,2.584e-06
ibm_marrakesh,2025-11-17_18:14:07,0.00018684001894690076,5.0024920008618436e-05,,,0.00537109375,0.008544921875,0.002197265625,2.584e-06
ibm_marrakesh,2025-11-17_18:14:07,0.00035937705850732146,0.0002705197367643159,,,0.007568359375,0.0087890625,0.00634765625,2.584e-06
ibm_marrakesh,2025-11-17_18:14:07,0.00021729969275609902,0.0002227849007620849,,,0.0047607421875,0.008056640625,0.00146484375,2.584e-06
ibm_marrakesh,2025-11-17_18:14:07,0.00014210229525747043,5.457595244733666e-05,,,0.006103515625,0.010498046875,0.001708984375,2.584e-06
ibm_marrakesh,2025-11-17_18:14:07,7.935075203720432e-05,6.563224141171706e-05,,,0.0159912109375,0.03076171875,0.001220703125,2.584e-06
ibm_marrakesh,2025-11-17_18:14:07,0.00018168491760798384,0.0001487383738645408,,,0.044677734375,0.086669921875,0.002685546875,2.584e-06
ibm_marrakesh,2025-11-17_18:14:07,0.00015267966227520467,6.117502414230545e-05,,,0.0048828125,0.01025390625,0.001220703125,2.584e-06
ibm_marrakesh,2025-11-17_18:14:07,0.00035722590449032045,9.222699849348071e-05,,,0.0064697265625,0.009521484375,0.00341796875,2.584e-06
ibm_marrakesh,2025-11-17_18:14:07,0.00022365943588179493,0.00011164647343052054,,,0.0059814453125,0.0107421875,0.001220703125,2.584e-06
ibm_marrakesh,2025-11-17_18:14:07,0.0001059335418337819,8.196338576399833e-05,,,0.0322265625,0.028564453125,0.035888671875,2.584e-06
ibm_marrakesh,2025-11-17_18:14:07,0.0001687294271762405,0.00014708913270820577,,,0.014404296875,0.025634765625,0.003173828125,2.584e-06
ibm_marrakesh,2025-11-17_18:14:07,0.00019640257465470968,9.543512452250434e-05,,,0.0054931640625,0.00927734375,0.001708984375,2.584e-06
ibm_marrakesh,2025-11-17_18:14:07,0.00020807514844933779,0.00010427907942195586,,,0.036376953125,0.02197265625,0.05078125,2.584e-06
ibm_marrakesh,2025-11-17_18:14:07,0.00021458425620362654,0.00020478288646124594,,,0.0054931640625,0.00830078125,0.002685546875,2.584e-06
ibm_marrakesh,2025-11-17_18:14:07,0.0003540395037488257,1.952350645950625e-05,,,0.0076904296875,0.013427734375,0.001953125,2.584e-06
ibm_marrakesh,2025-11-17_18:14:07,0.00038807800604233404,0.00014364301130150841,,,0.019287109375,0.030029296875,0.008544921875,2.584e-06
