nom,time,T1,T2,frequency,anharmonicity,readout_error,prob_meas0_prep1,prob_meas1_prep0,readout_length
ibm_fez,2025-11-19_16:17:07,6.103977241917603e-05,5.3786358043997306e-05,,,0.010498046875,0.019775390625,0.001220703125,1.56e-06
ibm_fez,2025-11-19_16:17:07,0.0002060749258658043,0.00026987469385888726,,,0.020751953125,0.023193359375,0.018310546875,1.56e-06
ibm_fez,2025-11-19_16:17:07,0.0002642856058189406,0.00015496013415647886,,,0.0059814453125,0.00634765625,0.005615234375,1.56e-06
ibm_fez,2025-11-19_16:17:07,0.00023681569136347678,0.00022579024072960196,,,0.02001953125,0.022705078125,0.017333984375,1.56e-06
ibm_fez,2025-11-19_16:17:07,0.00023211073199440704,0.00015321817461998213,,,0.00439453125,0.00732421875,0.00146484375,1.56e-06
ibm_fez,2025-11-19_16:17:07,0.00022528060669311,0.00018718248627163988,,,0.0072021484375,0.0078125,0.006591796875,1.56e-06
ibm_fez,2025-11-19_16:17:07,0.0002361096928289009,0.0001410491702211292,,,0.0157470703125,0.0244140625,0.007080078125,1.56e-06
ibm_fez,2025-11-19_16:17:07,0.00011914474837332334,4.1605987545787007e-05,,,0.0245361328125,0.033203125,0.015869140625,1.56e-06
ibm_fez,2025-11-19_16:17:07,0.00012522700883669946,5.427590216198526e-05,,,0.0042724609375,0.005615234375,0.0029296875,1.56e-06
ibm_fez,2025-11-19_16:17:07,0.000254553327940774,3.232134281462464e-05,,,0.010009765625,0.010986328125,0.009033203125,1.56e-06
ibm_fez,2025-11-19_16:17:07,0.00015915366268729993,0.0001199143559383102,,,0.00634765625,0.009765625,0.00537109375,1.56e-06
ibm_fez,2025-11-19_16:17:07,6.93941226987994e-05,5.22102727830478e-05,,,0.015625,0.018798828125,0.012451171875,1.56e-06
ibm_fez,2025-11-19_16:17:07,8.372921145183228e-05,7.869754180455045e-05,,,0.0250244140625,0.032958984375,0.01708984375,1.56e-06
ibm_fez,2025-11-19_16:17:07,0.0001619118416552345,0.00010068399728894072,,,0.0186767578125,0.013671875,0.023681640625,1.56e-06
ibm_fez,2025-11-19_16:17:07,0.00016366678071294975,6.037268030319588e-05,,,0.0091552734375,0.007080078125,0.01123046875,1.56e-06
ibm_fez,2025-11-19_16:17:07,0.0003619302939038889,0.00022554471815867898,,,0.0169677734375,0.0224609375,0.011474609375,1.56e-06
ibm_fez,2025-11-19_16:17:07,0.00013037165698869183,0.00010315019375506931,,,0.0078125,0.01220703125,0.00341796875,1.56e-06
ibm_fez,2025-11-19_16:17:07,0.0001606098548313929,0.00010855177691980429,,,0.0064697265625,0.01025390625,0.002685546875,1.56e-06
ibm_fez,2025-11-19_16:17:07,0.00012785251127559347,7.56383693671805e-05,,,0.006103515625,0.008544921875,0.003662109375,1.56e-06
ibm_fez,2025-11-19_16:17:07,0.00017814433977652458,0.00016476358045904523,,,0.0118408203125,0.017578125,0.006103515625,1.56e-06
ibm_fez,2025-11-19_16:17:07,0.00019779229557911462,0.00021076042356732506,,,0.0086669921875,0.01171875,0.005615234375,1.56e-06
ibm_fez,2025-11-19_16:17:07,0.00010804521662262456,8.621839840807198e-05,,,0.0084228515625,0.0126953125,0.004150390625,1.56e-06
ibm_fez,2025-11-19_16:17:07,8.936696060184926e-05,8.99529964771105e-05,,,0.009033203125,0.016845703125,0.001220703125,1.56e-06
ibm_fez,2025-11-19_16:17:07,0.00015551917774954754,0.00017291648821666296,,,0.0062255859375,0.0107421875,0.001708984375,1.56e-06
ibm_fez,2025-11-19_16:17:07,0.00017484537907383138,0.00015365417121568473,,,0.0108642578125,0.01123046875,0.010498046875,1.56e-06
ibm_fez,2025-11-19_16:17:07,0.00016811503234103858,0.00013522089660521796,,,0.0081787109375,0.010498046875,0.005859375,1.56e-06
ibm_fez,2025-11-19_16:17:07,0.0001352367872850876,9.371221380160702e-05,,,0.008056640625,0.0126953125,0.00341796875,1.56e-06
ibm_fez,2025-11-19_16:17:07,0.0001040199345372435,0.00010085937298955167,,,0.009033203125,0.0166015625,0.002197265625,1.56e-06
ibm_fez,2025-11-19_16:17:07,0.00016761629128619242,0.00016672104150999297,,,0.007080078125,0.010986328125,0.003173828125,1.56e-06
ibm_fez,2025-11-19_16:17:07,0.0001582444207184228,5.0439984364373524e-05,,,0.0125732421875,0.01708984375,0.008056640625,1.56e-06
ibm_fez,2025-11-19_16:17:07,0.00014027104977351858,0.00011640712410403388,,,0.009765625,0.012451171875,0.007080078125,1.56e-06
ibm_fez,2025-11-19_16:17:07,0.00018088065837543885,8.05713215724382e-05,,,0.017333984375,0.02001953125,0.0146484375,1.56e-06
ibm_fez,2025-11-19_16:17:07,0.00015369200656890021,0.00012344359574081523,,,0.0328369140625,0.038330078125,0.02734375,1.56e-06
ibm_fez,2025-11-19_16:17:07,0.0001600334510664149,0.00012127625309089242,,,0.0147705078125,0.021240234375,0.00830078125,1.56e-06
ibm_fez,2025-11-19_16:17:07,0.00018969581609403662,7.819714564003536e-05,,,0.0120849609375,0.012939453125,0.01123046875,1.56e-06
ibm_fez,2025-11-19_16:17:07,0.0001333252090921041,4.056580984330471e-05,,,0.134765625,0.11865234375,0.15087890625,1.56e-06
ibm_fez,2025-11-19_16:17:07,0.0001053552512979336,9.438229511637587e-05,,,0.005126953125,0.00537109375,0.0048828125,1.56e-06
ibm_fez,2025-11-19_16:17:07,0.00017994062106177776,0.0002156259486286339,,,0.0087890625,0.01171875,0.005859375,1.56e-06
ibm_fez,2025-11-19_16:17:07,0.00011267878349003645,0.00012559794847992085,,,0.0103759765625,0.0126953125,0.008056640625,1.56e-06
ibm_fez,2025-11-19_16:17:07,5.327990597329898e-05,8.334006175370977e-05,,,0.0157470703125,0.019287109375,0.01220703125,1.56e-06
ibm_fez,2025-11-19_16:17:07,0.00014924408187552097,0.00020781964243392443,,,0.019287109375,0.020751953125,0.017822265625,1.56e-06
ibm_fez,2025-11-19_16:17:07,0.0001357837948875822,8.07465263259609e-05,,,0.0623779296875,0.083251953125,0.04150390625,1.56e-06
ibm_fez,2025-11-19_16:17:07,0.00013072872560964245,3.777936307199277e-05,,,0.0069580078125,0.00830078125,0.005615234375,1.56e-06
ibm_fez,2025-11-19_16:17:07,0.00014303239415525186,9.127491267949476e-05,,,0.0921630859375,0.093505859375,0.0908203125,1.56e-06
ibm_fez,2025-11-19_16:17:07,0.0001299786058948832,0.00012227347554311346,,,0.0074462890625,0.0068359375,0.003662109375,1.56e-06
ibm_fez,2025-11-19_16:17:07,0.00017117602330167595,0.00018770623585811792,,,0.0504150390625,0.04150390625,0.059326171875,1.56e-06
ibm_fez,2025-11-19_16:17:07,0.00017401183957149974,1.2564918240752827e-05,,,0.005615234375,0.009033203125,0.002197265625,1.56e-06
ibm_fez,2025-11-19_16:17:07,0.0001456152802063127,6.175210677881339e-05,,,0.0262451171875,0.030029296875,0.0224609375,1.56e-06
ibm_fez,2025-11-19_16:17:07,0.00011241303150315322,4.7351795170717975e-05,,,0.0047607421875,0.007568359375,0.001953125,1.56e-06
ibm_fez,2025-11-19_16:17:07,0.00010211504066973172,3.0317523115116255e-05,,,0.0206298828125,0.02392578125,0.017333984375,1.56e-06
ibm_fez,2025-11-19_16:17:07,0.00015607556863362726,0.00011631094584436158,,,0.00341796875,0.005615234375,0.001220703125,1.56e-06
ibm_fez,2025-11-19_16:17:07,5.7774490660471406e-05,6.902656112652564e-05,,,0.0362548828125,0.036376953125,0.0361328125,1.56e-06
ibm_fez,2025-11-19_16:17:07,7.436735812229327e-05,6.051953956335414e-05,,,0.013427734375,0.01708984375,0.009765625,1.56e-06
ibm_fez,2025-11-19_16:17:07,0.000190407921277533,1.3497257566038144e-05,,,0.052734375,0.056640625,0.048828125,1.56e-06
ibm_fez,2025-11-19_16:17:07,0.00016542040060778566,0.00018023634487130102,,,0.006591796875,0.010009765625,0.003173828125,1.56e-06
ibm_fez,2025-11-19_16:17:07,0.00015253791617131598,0.00015020363659946624,,,0.0660400390625,0.104736328125,0.02734375,1.56e-06
ibm_fez,2025-11-19_16:17:07,0.000225559569770813,0.0002597653466292221,,,0.00732421875,0.0078125,0.0068359375,1.56e-06
ibm_fez,2025-11-19_16:17:07,0.00014101346957208003,6.899677032508757e-05,,,0.0081787109375,0.014892578125,0.00146484375,1.56e-06
ibm_fez,2025-11-19_16:17:07,0.00013642079869311834,0.00012365022114201418,,,0.0068359375,0.010986328125,0.002685546875,1.56e-06
ibm_fez,2025-11-19_16:17:07,0.00011724696765043398,9.783684221354164e-05,,,0.008056640625,0.011962890625,0.004150390625,1.56e-06
ibm_fez,2025-11-19_16:17:07,0.0001641761614144896,3.927175730355417e-05,,,0.033447265625,0.03955078125,0.02734375,1.56e-06
ibm_fez,2025-11-19_16:17:07,0.00013425220733672463,0.00010037372140731425,,,0.0411376953125,0.05322265625,0.03466796875,1.56e-06
ibm_fez,2025-11-19_16:17:07,0.00012440832120442935,4.163081998866825e-05,,,0.0203857421875,0.021728515625,0.01904296875,1.56e-06
ibm_fez,2025-11-19_16:17:07,0.00019507191533236197,1.412833810100268e-05,,,0.034423828125,0.04150390625,0.02734375,1.56e-06
ibm_fez,2025-11-19_16:17:07,0.00012708978567155807,9.637004572212089e-05,,,0.005615234375,0.009521484375,0.001708984375,1.56e-06
ibm_fez,2025-11-19_16:17:07,5.723710259695571e-05,4.461187802257889e-05,,,0.09130859375,0.09228515625,0.09033203125,1.56e-06
ibm_fez,2025-11-19_16:17:07,9.64183745657561e-05,1.6271690734731023e-05,,,0.0093994140625,0.0107421875,0.008056640625,1.56e-06
ibm_fez,2025-11-19_16:17:07,0.00011950924596700842,4.7272425560272653e-05,,,0.044677734375,0.05419921875,0.03515625,1.56e-06
ibm_fez,2025-11-19_16:17:07,0.0001121986408720497,0.00010266169318129,,,0.0067138671875,0.0107421875,0.002685546875,1.56e-06
ibm_fez,2025-11-19_16:17:07,0.0001774345576514546,8.507862294516339e-05,,,0.0069580078125,0.01171875,0.002197265625,1.56e-06
ibm_fez,2025-11-19_16:17:07,0.00011458069484865304,8.784006813497401e-05,,,0.0047607421875,0.0078125,0.001708984375,1.56e-06
ibm_fez,2025-11-19_16:17:07,0.0002556966658174973,0.0001675477990721057,,,0.009521484375,0.013916015625,0.005126953125,1.56e-06
ibm_fez,2025-11-19_16:17:07,2.827534668824404e-05,9.915649886504495e-05,,,0.2222900390625,0.44091796875,0.003662109375,1.56e-06
ibm_fez,2025-11-19_16:17:07,0.000190512192716389,8.170481030346639e-05,,,0.0164794921875,0.022705078125,0.01025390625,1.56e-06
ibm_fez,2025-11-19_16:17:07,0.00010897816498143615,6.415091197129927e-05,,,0.0084228515625,0.009765625,0.007080078125,1.56e-06
ibm_fez,2025-11-19_16:17:07,0.00016126118800296248,0.00011527688940544876,,,0.007568359375,0.0107421875,0.00439453125,1.56e-06
ibm_fez,2025-11-19_16:17:07,0.00013249876097707036,9.627363320461243e-05,,,0.0333251953125,0.038818359375,0.02783203125,1.56e-06
ibm_fez,2025-11-19_16:17:07,0.0001841702147994879,5.509088013757181e-05,,,0.0093994140625,0.01220703125,0.006591796875,1.56e-06
ibm_fez,2025-11-19_16:17:07,0.00010249027874593396,8.583055516835722e-05,,,0.0152587890625,0.01708984375,0.015869140625,1.56e-06
ibm_fez,2025-11-19_16:17:07,8.68404199573935e-05,4.185753341684379e-05,,,0.011962890625,0.018310546875,0.005615234375,1.56e-06
ibm_fez,2025-11-19_16:17:07,0.00014233053084441508,0.00012345296541437458,,,0.0103759765625,0.012939453125,0.0078125,1.56e-06
ibm_fez,2025-11-19_16:17:07,0.00011030281467613961,2.00926207485513e-05,,,0.020751953125,0.02685546875,0.0146484375,1.56e-06
ibm_fez,2025-11-19_16:17:07,0.00014213973479568952,3.033703594354892e-05,,,0.007568359375,0.009033203125,0.006103515625,1.56e-06
ibm_fez,2025-11-19_16:17:07,0.00015012177471409528,0.0001911024571121872,,,0.0928955078125,0.092529296875,0.09326171875,1.56e-06
ibm_fez,2025-11-19_16:17:07,9.569879374856525e-05,7.837677108218494e-05,,,0.00634765625,0.011474609375,0.001220703125,1.56e-06
ibm_fez,2025-11-19_16:17:07,0.00011564084538902975,3.055632409561269e-05,,,0.0107421875,0.01318359375,0.00830078125,1.56e-06
ibm_fez,2025-11-19_16:17:07,0.00019592059292340615,0.00010127886615287192,,,0.0068359375,0.00927734375,0.00439453125,1.56e-06
ibm_fez,2025-11-19_16:17:07,0.00010374575389015376,0.0001610562481782627,,,0.043212890625,0.0576171875,0.02880859375,1.56e-06
ibm_fez,2025-11-19_16:17:07,0.00016968109550361752,0.0002677617673643792,,,0.0069580078125,0.01171875,0.002197265625,1.56e-06
ibm_fez,2025-11-19_16:17:07,0.00014184120327515167,7.776909699962473e-05,,,0.031494140625,0.029296875,0.03369140625,1.56e-06
ibm_fez,2025-11-19_16:17:07,0.00011068403616532858,8.924047806209293e-05,,,0.011962890625,0.007568359375,0.016357421875,1.56e-06
ibm_fez,2025-11-19_16:17:07,0.00016074098085312106,2.00361166106883e-05,,,0.0291748046875,0.030029296875,0.0283203125,1.56e-06
ibm_fez,2025-11-19_16:17:07,9.798060607756133e-05,0.00012449654224296844,,,0.0084228515625,0.01416015625,0.002685546875,1.56e-06
ibm_fez,2025-11-19_16:17:07,0.0001860387739597994,0.0001906027131266517,,,0.0203857421875,0.025146484375,0.015625,1.56e-06
ibm_fez,2025-11-19_16:17:07,0.0001538719392550676,4.4556423068194164e-05,,,0.00927734375,0.01123046875,0.00732421875,1.56e-06
ibm_fez,2025-11-19_16:17:07,0.00014294672463528659,0.00010707285822879006,,,0.0081787109375,0.01171875,0.003173828125,1.56e-06
ibm_fez,2025-11-19_16:17:07,0.00017864621741004184,0.00014575249148668243,,,0.0059814453125,0.008056640625,0.00390625,1.56e-06
ibm_fez,2025-11-19_16:17:07,0.00011601108847884094,0.00014381974009605361,,,0.0054931640625,0.009033203125,0.001953125,1.56e-06
ibm_fez,2025-11-19_16:17:07,0.00013871246044590968,2.2861591889625318e-05,,,0.006591796875,0.011474609375,0.001708984375,1.56e-06
ibm_fez,2025-11-19_16:17:07,0.00013299985221107823,4.040913752001721e-05,,,0.0101318359375,0.01025390625,0.010009765625,1.56e-06
ibm_fez,2025-11-19_16:17:07,0.00020425989825153032,2.579651824739214e-05,,,0.00732421875,0.009765625,0.0048828125,1.56e-06
ibm_fez,2025-11-19_16:17:07,9.32400851352806e-05,9.55939009075987e-05,,,0.05908203125,0.060302734375,0.057861328125,1.56e-06
ibm_fez,2025-11-19_16:17:07,0.00011744733272316456,7.683958365962863e-05,,,0.013671875,0.02587890625,0.00146484375,1.56e-06
ibm_fez,2025-11-19_16:17:07,9.75536082287122e-05,0.00011251050221594196,,,0.007080078125,0.011474609375,0.002685546875,1.56e-06
ibm_fez,2025-11-19_16:17:07,0.00010104743369495972,6.965504223091788e-05,,,0.011962890625,0.01513671875,0.0087890625,1.56e-06
ibm_fez,2025-11-19_16:17:07,0.00013152359432554698,0.0001396620010399417,,,0.0133056640625,0.013671875,0.012939453125,1.56e-06
ibm_fez,2025-11-19_16:17:07,0.00011250117860749118,0.00014764908071719407,,,0.00537109375,0.006103515625,0.004638671875,1.56e-06
ibm_fez,2025-11-19_16:17:07,9.313329621364705e-05,2.331860995057918e-05,,,0.0087890625,0.010498046875,0.007080078125,1.56e-06
ibm_fez,2025-11-19_16:17:07,0.00010837862792689189,0.00012602136022141358,,,0.0057373046875,0.010009765625,0.00146484375,1.56e-06
ibm_fez,2025-11-19_16:17:07,9.842965353801359e-05,6.084603974849247e-05,,,0.009033203125,0.01318359375,0.0048828125,1.56e-06
ibm_fez,2025-11-19_16:17:07,0.00013872846684495258,0.00011102140698193941,,,0.0067138671875,0.012451171875,0.0009765625,1.56e-06
ibm_fez,2025-11-19_16:17:07,0.00016593091561590496,0.00011985097426717337,,,0.0145263671875,0.024169921875,0.0048828125,1.56e-06
ibm_fez,2025-11-19_16:17:07,0.00019048921356312298,0.0001630266796673754,,,0.0078125,0.00732421875,0.01025390625,1.56e-06
ibm_fez,2025-11-19_16:17:07,0.00017489125368239935,3.230414817303039e-05,,,0.0765380859375,0.081787109375,0.0712890625,1.56e-06
ibm_fez,2025-11-19_16:17:07,0.00010623391535728044,8.881343248944869e-05,,,0.0074462890625,0.00927734375,0.005615234375,1.56e-06
ibm_fez,2025-11-19_16:17:07,0.00015778691684739934,0.00020626830806029807,,,0.005859375,0.010986328125,0.000732421875,1.56e-06
ibm_fez,2025-11-19_16:17:07,0.00012392450651558149,0.00014344479994522264,,,0.009521484375,0.01318359375,0.005859375,1.56e-06
ibm_fez,2025-11-19_16:17:07,0.00011167936384039385,0.00015712876860004416,,,0.0157470703125,0.018798828125,0.0126953125,1.56e-06
ibm_fez,2025-11-19_16:17:07,0.00012965077633739368,5.110298748528047e-05,,,0.010498046875,0.01708984375,0.00390625,1.56e-06
ibm_fez,2025-11-19_16:17:07,8.882442257824539e-05,0.0001334931246127687,,,0.0101318359375,0.016845703125,0.00341796875,1.56e-06
ibm_fez,2025-11-19_16:17:07,0.00014854896475475905,0.00019329805838807688,,,0.0079345703125,0.010498046875,0.00537109375,1.56e-06
ibm_fez,2025-11-19_16:17:07,0.00024539386984060287,0.00011913286620850126,,,0.0108642578125,0.0146484375,0.007080078125,1.56e-06
ibm_fez,2025-11-19_16:17:07,0.0001224977839415573,5.395333671280647e-05,,,0.0111083984375,0.01318359375,0.009033203125,1.56e-06
ibm_fez,2025-11-19_16:17:07,0.0001384560261551119,0.00012842033363888333,,,0.0101318359375,0.011962890625,0.00830078125,1.56e-06
ibm_fez,2025-11-19_16:17:07,9.730077087995256e-05,0.00012204041624121554,,,0.004150390625,0.00634765625,0.001953125,1.56e-06
ibm_fez,2025-11-19_16:17:07,0.0001716253507794553,5.473051351354147e-05,,,0.0113525390625,0.015380859375,0.00732421875,1.56e-06
ibm_fez,2025-11-19_16:17:07,6.916447400639185e-05,4.78001700739693e-05,,,0.0045166015625,0.008056640625,0.0009765625,1.56e-06
ibm_fez,2025-11-19_16:17:07,0.00018080763400168446,0.00017525619721637332,,,0.0089111328125,0.01123046875,0.006591796875,1.56e-06
ibm_fez,2025-11-19_16:17:07,9.499906757593984e-05,8.973479755571447e-06,,,0.0093994140625,0.01318359375,0.005615234375,1.56e-06
ibm_fez,2025-11-19_16:17:07,0.00010022599820937102,7.805205846425312e-05,,,0.0220947265625,0.025390625,0.016357421875,1.56e-06
ibm_fez,2025-11-19_16:17:07,0.00013490263658924974,0.00012979978766855283,,,0.008056640625,0.013916015625,0.002197265625,1.56e-06
ibm_fez,2025-11-19_16:17:07,0.0002119170568415325,0.00021566673952921891,,,0.08642578125,0.092041015625,0.080810546875,1.56e-06
ibm_fez,2025-11-19_16:17:07,0.00017075082749172147,0.0002056400609051377,,,0.003662109375,0.005859375,0.00146484375,1.56e-06
ibm_fez,2025-11-19_16:17:07,0.0002344753594570579,5.0422076545754e-05,,,0.013916015625,0.02197265625,0.005859375,1.56e-06
ibm_fez,2025-11-19_16:17:07,0.00018426579113222264,4.111950064714464e-05,,,0.0067138671875,0.00830078125,0.005126953125,1.56e-06
ibm_fez,2025-11-19_16:17:07,0.00014890169521759012,0.00020363471575379164,,,0.0362548828125,0.0537109375,0.018798828125,1.56e-06
ibm_fez,2025-11-19_16:17:07,0.00010766889445092211,0.00010854959181642999,,,0.0052490234375,0.009521484375,0.0009765625,1.56e-06
ibm_fez,2025-11-19_16:17:07,0.00014955907326637087,0.00017717246536112677,,,0.0062255859375,0.009521484375,0.0029296875,1.56e-06
ibm_fez,2025-11-19_16:17:07,9.491156776951172e-05,9.973673541078898e-05,,,0.0064697265625,0.009765625,0.003173828125,1.56e-06
ibm_fez,2025-11-19_16:17:07,9.74084093116681e-05,4.205054266456627e-05,,,0.00927734375,0.01611328125,0.00244140625,1.56e-06
ibm_fez,2025-11-19_16:17:07,0.00011346301363961661,0.00018842198431132792,,,0.01708984375,0.02099609375,0.01318359375,1.56e-06
ibm_fez,2025-11-19_16:17:07,0.00020508299156202906,0.00013758375892114103,,,0.0101318359375,0.01025390625,0.010009765625,1.56e-06
ibm_fez,2025-11-19_16:17:07,0.00025744329603185023,0.0002684997097374526,,,0.0040283203125,0.00634765625,0.001708984375,1.56e-06
ibm_fez,2025-11-19_16:17:07,0.00018998632546965777,0.00018378593295523892,,,0.0186767578125,0.03564453125,0.001708984375,1.56e-06
ibm_fez,2025-11-19_16:17:07,0.00012462054431555596,0.00016792601220108397,,,0.0064697265625,0.0107421875,0.002197265625,1.56e-06
ibm_fez,2025-11-19_16:17:07,0.00017649376977924618,0.00012193941232220679,,,0.0133056640625,0.013671875,0.012939453125,1.56e-06
ibm_fez,2025-11-19_16:17:07,7.943095808650655e-05,1.4614310600914405e-05,,,0.005126953125,0.00390625,0.00244140625,1.56e-06
ibm_fez,2025-11-19_16:17:07,0.00011067032284874994,0.00010991721004854632,,,0.0072021484375,0.012451171875,0.001953125,1.56e-06
ibm_fez,2025-11-19_16:17:07,0.00012734727295994467,0.00015703935877330933,,,0.016845703125,0.03271484375,0.0009765625,1.56e-06
ibm_fez,2025-11-19_16:17:07,6.558757857790318e-05,5.9652009315402615e-06,,,0.0438232421875,0.05126953125,0.036376953125,1.56e-06
ibm_fez,2025-11-19_16:17:07,0.00020839227793021214,7.847700770632176e-06,,,0.004638671875,0.00830078125,0.0009765625,1.56e-06
ibm_fez,2025-11-19_16:17:07,0.00014035971210805997,0.00018836411098834997,,,0.0096435546875,0.01220703125,0.007080078125,1.56e-06
ibm_fez,2025-11-19_16:17:07,8.66506715308561e-05,0.00010304790236455067,,,0.006591796875,0.0107421875,0.00244140625,1.56e-06
ibm_fez,2025-11-19_16:17:07,0.00010993736846417471,3.596620126288375e-05,,,0.0150146484375,0.0224609375,0.007568359375,1.56e-06
ibm_fez,2025-11-19_16:17:07,5.302936707194684e-05,6.991888312682353e-05,,,0.0069580078125,0.009033203125,0.0048828125,1.56e-06
ibm_fez,2025-11-19_16:17:07,0.00018148292382129958,1.8693966125599138e-05,,,0.0091552734375,0.011962890625,0.00634765625,1.56e-06
ibm_torino,2025-11-19_16:17:07,0.00016690421728350003,0.00023077577804891494,,,0.134521484375,0.15185546875,0.1171875,1.56e-06
ibm_torino,2025-11-19_16:17:07,0.00029246868089413534,0.00019157717852137627,,,0.048828125,0.0341796875,0.0634765625,1.56e-06
ibm_torino,2025-11-19_16:17:07,0.00011976541759989385,0.0001677025308769815,,,0.039794921875,0.0673828125,0.01220703125,1.56e-06
ibm_torino,2025-11-19_16:17:07,0.0002707796178565966,0.00018760124902762797,,,0.0107421875,0.0078125,0.013671875,1.56e-06
ibm_torino,2025-11-19_16:17:07,0.00017404551629112542,0.0002338619708901406,,,0.03759765625,0.04052734375,0.03466796875,1.56e-06
ibm_torino,2025-11-19_16:17:07,0.0002303343756626892,0.0002164456752566488,,,0.023681640625,0.0185546875,0.02880859375,1.56e-06
ibm_torino,2025-11-19_16:17:07,4.5253599899872333e-05,7.533427597364562e-05,,,0.01025390625,0.01904296875,0.00146484375,1.56e-06
ibm_torino,2025-11-19_16:17:07,0.00025805209597359874,0.0001607384612477695,,,0.07958984375,0.06396484375,0.09521484375,1.56e-06
ibm_torino,2025-11-19_16:17:07,0.00017685803731684875,0.00020378814460524997,,,0.06005859375,0.048828125,0.0712890625,1.56e-06
ibm_torino,2025-11-19_16:17:07,3.602217463594063e-05,4.4756754738234187e-05,,,0.015625,0.03125,0,1.56e-06
ibm_torino,2025-11-19_16:17:07,0.00027907946693665926,0.0003218427925934847,,,0.035400390625,0.02099609375,0.0498046875,1.56e-06
ibm_torino,2025-11-19_16:17:07,0.0001345344163593498,0.0001853614942142557,,,0.005615234375,0.0078125,0.00341796875,1.56e-06
ibm_torino,2025-11-19_16:17:07,0.0003235107271556812,0.0004088226467470744,,,0.02099609375,0.01904296875,0.02294921875,1.56e-06
ibm_torino,2025-11-19_16:17:07,0.0002904558892096708,0.0001669302193951451,,,0.02587890625,0.025390625,0.0263671875,1.56e-06
ibm_torino,2025-11-19_16:17:07,0.00022890241654955422,0.0001501797152272287,,,0.026123046875,0.02294921875,0.029296875,1.56e-06
ibm_torino,2025-11-19_16:17:07,0.0001794040801035553,3.383835500229687e-05,,,0.01513671875,0.02734375,0.0029296875,1.56e-06
ibm_torino,2025-11-19_16:17:07,0.00017482255334251104,0.00018454779623413106,,,0.028076171875,0.02587890625,0.0302734375,1.56e-06
ibm_torino,2025-11-19_16:17:07,0.00017619328302692804,9.680834384011682e-05,,,0.014892578125,0.02783203125,0.001953125,1.56e-06
ibm_torino,2025-11-19_16:17:07,0.00019934380682530588,0.00020716467252486376,,,0.00390625,0.0029296875,0.0048828125,1.56e-06
ibm_torino,2025-11-19_16:17:07,0.00013538846292592458,0.00019090404101511967,,,0.040771484375,0.064453125,0.01708984375,1.56e-06
ibm_torino,2025-11-19_16:17:07,0.00016962941975365208,0.0001121953345941833,,,0.012939453125,0.02001953125,0.005859375,1.56e-06
ibm_torino,2025-11-19_16:17:07,7.156097315414925e-05,2.1873185708102615e-05,,,0.048583984375,0.0625,0.03466796875,1.56e-06
ibm_torino,2025-11-19_16:17:07,6.162986801737136e-05,8.476292037264272e-05,,,0.03271484375,0.03515625,0.0302734375,1.56e-06
ibm_torino,2025-11-19_16:17:07,0.00018597219454897783,0.00020125922564741006,,,0.05322265625,0.0712890625,0.03515625,1.56e-06
ibm_torino,2025-11-19_16:17:07,0.00014747757039094197,0.0001569925827872048,,,0.023681640625,0.0146484375,0.03271484375,1.56e-06
ibm_torino,2025-11-19_16:17:07,0.00011994431302987247,0.00014586403735975098,,,0.0810546875,0.0830078125,0.0791015625,1.56e-06
ibm_torino,2025-11-19_16:17:07,3.314630136322106e-06,7.671273606308047e-06,,,0.040283203125,0.0390625,0.04150390625,1.56e-06
ibm_torino,2025-11-19_16:17:07,0.000190325769524507,0.00011988786537201459,,,0.037109375,0.03271484375,0.04150390625,1.56e-06
ibm_torino,2025-11-19_16:17:07,0.00026320659781249036,0.00022679326442330195,,,0.006103515625,0.0078125,0.00439453125,1.56e-06
ibm_torino,2025-11-19_16:17:07,0.00013705634759015678,0.00012155242529730545,,,0.017578125,0.01220703125,0.02294921875,1.56e-06
ibm_torino,2025-11-19_16:17:07,8.047365789052518e-05,8.383537442441428e-05,,,0.01416015625,0.0205078125,0.0078125,1.56e-06
ibm_torino,2025-11-19_16:17:07,0.00027550759342985065,0.0002993052339575942,,,0.037109375,0.02880859375,0.04541015625,1.56e-06
ibm_torino,2025-11-19_16:17:07,0.00019647897413458708,0.00013790788532348284,,,0.0166015625,0.02294921875,0.01025390625,1.56e-06
ibm_torino,2025-11-19_16:17:07,0.0002372438691951171,7.372070057420495e-05,,,0.02978515625,0.02880859375,0.03076171875,1.56e-06
ibm_torino,2025-11-19_16:17:07,0.000166296028036433,0.00011739982508135168,,,0.03369140625,0.02734375,0.0400390625,1.56e-06
ibm_torino,2025-11-19_16:17:07,0.00010632680532253225,8.880186099688461e-05,,,0.013427734375,0.01220703125,0.0146484375,1.56e-06
ibm_torino,2025-11-19_16:17:07,9.734838355821141e-05,0.00012120222191950935,,,0.00927734375,0.0166015625,0.001953125,1.56e-06
ibm_torino,2025-11-19_16:17:07,0.00013985461173683222,7.442755566431791e-05,,,0.00390625,0.0078125,0,1.56e-06
ibm_torino,2025-11-19_16:17:07,0.0002197204145647423,0.00017403360622877972,,,0.1025390625,0.14453125,0.060546875,1.56e-06
ibm_torino,2025-11-19_16:17:07,0.00016310678590521384,0.0001827134129651924,,,0.043701171875,0.03271484375,0.0546875,1.56e-06
ibm_torino,2025-11-19_16:17:07,7.76332762293259e-05,0.00010795815654150397,,,0.01171875,0.01708984375,0.00634765625,1.56e-06
ibm_torino,2025-11-19_16:17:07,5.321464371298886e-05,5.825057965828797e-05,,,0.069580078125,0.1337890625,0.00537109375,1.56e-06
ibm_torino,2025-11-19_16:17:07,0.00023459614675597247,0.00018437450860123075,,,0.117919921875,0.1357421875,0.10009765625,1.56e-06
ibm_torino,2025-11-19_16:17:07,7.184423905458799e-05,6.132512619859055e-05,,,0.008056640625,0.01220703125,0.00390625,1.56e-06
ibm_torino,2025-11-19_16:17:07,0.0002928045254035201,0.00024164646539469607,,,0.0419921875,0.021484375,0.0625,1.56e-06
ibm_torino,2025-11-19_16:17:07,4.164011161460381e-05,5.28747560301087e-05,,,0.01220703125,0.02099609375,0.00341796875,1.56e-06
ibm_torino,2025-11-19_16:17:07,0.00020427103063740262,0.00020195782748529326,,,0.03662109375,0.04541015625,0.02783203125,1.56e-06
ibm_torino,2025-11-19_16:17:07,0.0001982632489118606,5.5427894749377694e-05,,,0.0185546875,0.03271484375,0.00439453125,1.56e-06
ibm_torino,2025-11-19_16:17:07,0.00020259553009185016,0.00022900222804296975,,,0.043701171875,0.03515625,0.05224609375,1.56e-06
ibm_torino,2025-11-19_16:17:07,0.00021225245367049582,0.0001269126443482366,,,0.01318359375,0.01123046875,0.01513671875,1.56e-06
ibm_torino,2025-11-19_16:17:07,0.00018718231558880434,0.00020288368535940804,,,0.063720703125,0.091796875,0.03564453125,1.56e-06
ibm_torino,2025-11-19_16:17:07,0.0001657214364292783,0.00013433164024299007,,,0.010009765625,0.01171875,0.00830078125,1.56e-06
ibm_torino,2025-11-19_16:17:07,0.00018264729649288987,0.00024106203279883808,,,0.015625,0.0107421875,0.0205078125,1.56e-06
ibm_torino,2025-11-19_16:17:07,2.2368561299607725e-05,6.241300371354171e-05,,,0.43017578125,0.798828125,0.0615234375,1.56e-06
ibm_torino,2025-11-19_16:17:07,0.00012677805646937103,0.0001122685982786593,,,0.00634765625,0.01025390625,0.00244140625,1.56e-06
ibm_torino,2025-11-19_16:17:07,0.0001125217633534021,8.838002410964838e-05,,,0.0107421875,0.01220703125,0.00927734375,1.56e-06
ibm_torino,2025-11-19_16:17:07,0.00020054944328606205,0.0001690040023609168,,,0.009033203125,0.00830078125,0.009765625,1.56e-06
ibm_torino,2025-11-19_16:17:07,0.0001831482559873428,0.0001804001451329598,,,0.019775390625,0.01220703125,0.02734375,1.56e-06
ibm_torino,2025-11-19_16:17:07,0.000141941522978272,0.00015216045932238734,,,0.01416015625,0.013671875,0.0146484375,1.56e-06
ibm_torino,2025-11-19_16:17:07,0.00021405881409153468,0.00015106521392825126,,,0.033447265625,0.048828125,0.01806640625,1.56e-06
ibm_torino,2025-11-19_16:17:07,0.00022489707915249028,0.00022152621773141652,,,0.003662109375,0.0029296875,0.00439453125,1.56e-06
ibm_torino,2025-11-19_16:17:07,0.00022317920376298307,0.00024218381229615,,,0.0078125,0.01025390625,0.00537109375,1.56e-06
ibm_torino,2025-11-19_16:17:07,0.0001761603870961412,0.00015319135450105886,,,0.013427734375,0.01513671875,0.01171875,1.56e-06
ibm_torino,2025-11-19_16:17:07,0.0002610407493739626,0.00014325954257303781,,,0.03369140625,0.0498046875,0.017578125,1.56e-06
ibm_torino,2025-11-19_16:17:07,0.00028084720255688715,0.00013231797750633902,,,0.06689453125,0.068359375,0.0654296875,1.56e-06
ibm_torino,2025-11-19_16:17:07,0.00020658376993230865,0.00020632039196748653,,,0.011474609375,0.0166015625,0.00634765625,1.56e-06
ibm_torino,2025-11-19_16:17:07,0.0002777836929104641,0.00022584935509770764,,,0.0048828125,0.00634765625,0.00341796875,1.56e-06
ibm_torino,2025-11-19_16:17:07,7.372306974653246e-05,9.086426309272805e-05,,,0.047119140625,0.0693359375,0.02490234375,1.56e-06
ibm_torino,2025-11-19_16:17:07,0.00011776754531871328,7.167548729206273e-05,,,0.00537109375,0.005859375,0.0048828125,1.56e-06
ibm_torino,2025-11-19_16:17:07,0.0001638581236247418,7.582171863243125e-05,,,0.034423828125,0.04150390625,0.02734375,1.56e-06
ibm_torino,2025-11-19_16:17:07,8.7103068628384e-05,3.804848541686013e-05,,,0.046875,0.03271484375,0.06103515625,1.56e-06
ibm_torino,2025-11-19_16:17:07,0.0002159411302748611,4.3566400075895463e-05,,,0.037353515625,0.04833984375,0.0263671875,1.56e-06
ibm_torino,2025-11-19_16:17:07,0.00018145565119250188,8.175240174449856e-05,,,0.009521484375,0.00927734375,0.009765625,1.56e-06
ibm_torino,2025-11-19_16:17:07,0.00019029849120686572,0.00010605593994832405,,,0.02001953125,0.01953125,0.0205078125,1.56e-06
ibm_torino,2025-11-19_16:17:07,0.00022588136452777693,0.0001209356824300165,,,0.01953125,0.0185546875,0.0205078125,1.56e-06
ibm_torino,2025-11-19_16:17:07,0.00018252251414614302,0.0001055405199885187,,,0.01123046875,0.01123046875,0.01123046875,1.56e-06
ibm_torino,2025-11-19_16:17:07,0.0002939392463910262,0.00022005629814441892,,,0.025634765625,0.01123046875,0.0400390625,1.56e-06
ibm_torino,2025-11-19_16:17:07,0.0002041058271446771,0.0001647047776225457,,,0.022705078125,0.02001953125,0.025390625,1.56e-06
ibm_torino,2025-11-19_16:17:07,0.00011279397499203738,0.00012121606020119002,,,0.05859375,0.07470703125,0.04248046875,1.56e-06
ibm_torino,2025-11-19_16:17:07,6.947396884401587e-05,7.927913748342949e-05,,,0.03173828125,0.06201171875,0.00146484375,1.56e-06
ibm_torino,2025-11-19_16:17:07,0.00012536950243530493,2.6005993282926605e-05,,,0.0205078125,0.021484375,0.01953125,1.56e-06
ibm_torino,2025-11-19_16:17:07,0.00017950408944079972,0.00016338550542675985,,,0.005126953125,0.0068359375,0.00341796875,1.56e-06
ibm_torino,2025-11-19_16:17:07,0.0002564387240831679,0.00012760473317256706,,,0.06494140625,0.08203125,0.0478515625,1.56e-06
ibm_torino,2025-11-19_16:17:07,0.00010504389297631331,7.806347026408444e-05,,,0.0205078125,0.00830078125,0.03271484375,1.56e-06
ibm_torino,2025-11-19_16:17:07,0.00019272292571354655,0.00013333519507303148,,,0.05126953125,0.06982421875,0.03271484375,1.56e-06
ibm_torino,2025-11-19_16:17:07,3.0714057594339453e-06,6.919498861204429e-06,,,0.0390625,0.056640625,0.021484375,1.56e-06
ibm_torino,2025-11-19_16:17:07,0.00028765959860669785,0.00013456042661116354,,,0.227294921875,0.4375,0.01708984375,1.56e-06
ibm_torino,2025-11-19_16:17:07,0.00018152052998880722,0.00017968998431689502,,,0.004150390625,0.005859375,0.00244140625,1.56e-06
ibm_torino,2025-11-19_16:17:07,0.00026902342664271347,0.000325212565748539,,,0.153564453125,0.17431640625,0.1328125,1.56e-06
ibm_torino,2025-11-19_16:17:07,0.00022288764074635754,0.00016892160005753525,,,0.07861328125,0.06591796875,0.09130859375,1.56e-06
ibm_torino,2025-11-19_16:17:07,0.00022880880344035412,0.00023105847911567885,,,0.013671875,0.02099609375,0.00634765625,1.56e-06
ibm_torino,2025-11-19_16:17:07,0.00021466340080889058,0.00010040448752207142,,,0.009521484375,0.01025390625,0.0087890625,1.56e-06
ibm_torino,2025-11-19_16:17:07,0.00029521030645986027,0.00020215444243697168,,,0.00732421875,0.005859375,0.0087890625,1.56e-06
ibm_torino,2025-11-19_16:17:07,0.00025732281808100494,0.00019802235835358605,,,0.0078125,0.00634765625,0.00927734375,1.56e-06
ibm_torino,2025-11-19_16:17:07,0.0002571152664753553,0.00022865421122017206,,,0.019775390625,0.02001953125,0.01953125,1.56e-06
ibm_torino,2025-11-19_16:17:07,6.01982790058613e-05,9.110074665541079e-05,,,0.009033203125,0.0126953125,0.00537109375,1.56e-06
ibm_torino,2025-11-19_16:17:07,0.00011328449946237805,9.746783391337648e-05,,,0.0126953125,0.01806640625,0.00732421875,1.56e-06
ibm_torino,2025-11-19_16:17:07,0.00017103167576912667,0.00017107625546935152,,,0.093017578125,0.08984375,0.09619140625,1.56e-06
ibm_torino,2025-11-19_16:17:07,0.00027300219716331703,9.301323029791485e-05,,,0.014892578125,0.02197265625,0.0078125,1.56e-06
ibm_torino,2025-11-19_16:17:07,0.00015092419471131313,0.00011131143251451432,,,0.04833984375,0.0595703125,0.037109375,1.56e-06
ibm_torino,2025-11-19_16:17:07,8.399823399836865e-05,0.0001552942288528162,,,0.06005859375,0.076171875,0.0439453125,1.56e-06
ibm_torino,2025-11-19_16:17:07,0.00020364125031293836,0.0001061230010524932,,,0.04931640625,0.05859375,0.0400390625,1.56e-06
ibm_torino,2025-11-19_16:17:07,0.00021513149792167782,3.6362733495750346e-05,,,0.011962890625,0.01171875,0.01220703125,1.56e-06
ibm_torino,2025-11-19_16:17:07,0.00016474114499536645,7.904310596744843e-05,,,0.064453125,0.099609375,0.029296875,1.56e-06
ibm_torino,2025-11-19_16:17:07,8.836016231371107e-05,9.203364785781143e-05,,,0.025146484375,0.041015625,0.00927734375,1.56e-06
ibm_torino,2025-11-19_16:17:07,0.0001224751250914377,4.0861487739939e-05,,,0.061767578125,0.06982421875,0.0537109375,1.56e-06
ibm_torino,2025-11-19_16:17:07,0.00010712654971476159,0.00012168896529207821,,,0.116455078125,0.15625,0.07666015625,1.56e-06
ibm_torino,2025-11-19_16:17:07,0.00023758310505222222,0.00022237365860662095,,,0.018310546875,0.0146484375,0.02197265625,1.56e-06
ibm_torino,2025-11-19_16:17:07,5.710075840920801e-05,9.130578230782116e-05,,,0.019287109375,0.01171875,0.02685546875,1.56e-06
ibm_torino,2025-11-19_16:17:07,0.000257628658208313,0.00028710137137075506,,,0.04345703125,0.04736328125,0.03955078125,1.56e-06
ibm_torino,2025-11-19_16:17:07,0.0002181401205715803,0.00016823113650979278,,,0.0078125,0.0087890625,0.0068359375,1.56e-06
ibm_torino,2025-11-19_16:17:07,0.0001884622419125521,0.0001019967769396797,,,0.008056640625,0.00732421875,0.0087890625,1.56e-06
ibm_torino,2025-11-19_16:17:07,0.0003066052758104748,0.00024845096764947226,,,0.009521484375,0.0068359375,0.01220703125,1.56e-06
ibm_torino,2025-11-19_16:17:07,0.0002940161243100924,0.00023641329904472988,,,0.0322265625,0.03369140625,0.03076171875,1.56e-06
ibm_torino,2025-11-19_16:17:07,0.00012459044838710612,0.00014021298224826815,,,0.0302734375,0.0146484375,0.0458984375,1.56e-06
ibm_torino,2025-11-19_16:17:07,9.649551358107398e-05,0.00010661083029316367,,,0.118896484375,0.099609375,0.13818359375,1.56e-06
ibm_torino,2025-11-19_16:17:07,0.00024348936286013083,0.00018645820390651753,,,0.0390625,0.03173828125,0.04638671875,1.56e-06
ibm_torino,2025-11-19_16:17:07,0.00011766069264670209,6.858681308779403e-05,,,0.00537109375,0.009765625,0.0009765625,1.56e-06
ibm_torino,2025-11-19_16:17:07,0.0001538952908529637,0.00017503420669625619,,,0.08349609375,0.06494140625,0.10205078125,1.56e-06
ibm_torino,2025-11-19_16:17:07,0.0001408499446137454,7.176925855902172e-05,,,0.025146484375,0.02587890625,0.0244140625,1.56e-06
ibm_torino,2025-11-19_16:17:07,0.00015742889654312523,0.00016379750693651515,,,0.03369140625,0.0419921875,0.025390625,1.56e-06
ibm_torino,2025-11-19_16:17:07,0.00022357028138658236,0.00016552320155535828,,,0.026611328125,0.01904296875,0.0341796875,1.56e-06
ibm_torino,2025-11-19_16:17:07,0.0002358308867501345,0.00018479980723063306,,,0.035888671875,0.03173828125,0.0400390625,1.56e-06
ibm_torino,2025-11-19_16:17:07,4.911740522889644e-05,4.810139603937252e-05,,,0.018310546875,0.03271484375,0.00390625,1.56e-06
ibm_torino,2025-11-19_16:17:07,0.00017804289630462907,0.00010313992208406552,,,0.07958984375,0.09228515625,0.06689453125,1.56e-06
ibm_torino,2025-11-19_16:17:07,0.00011205354017111605,0.00011785249092714136,,,0.0048828125,0.00927734375,0.00048828125,1.56e-06
ibm_torino,2025-11-19_16:17:07,0.0001441751950460095,0.0001266293207449446,,,0.080078125,0.078125,0.08203125,1.56e-06
ibm_torino,2025-11-19_16:17:07,0.00010846666790661901,8.957190190780946e-05,,,0.153564453125,0.154296875,0.15283203125,1.56e-06
ibm_torino,2025-11-19_16:17:07,0.00034022831233952017,0.00017807671463610238,,,0.077392578125,0.0830078125,0.07177734375,1.56e-06
ibm_torino,2025-11-19_16:17:07,0.00021228488712603512,0.0001246400202533956,,,0.037353515625,0.03369140625,0.041015625,1.56e-06
ibm_torino,2025-11-19_16:17:07,0.0003335826610661893,0.00025981362397969795,,,0.012939453125,0.01513671875,0.0107421875,1.56e-06
ibm_torino,2025-11-19_16:17:07,0.00021395903928277083,5.721723070627772e-05,,,0.006591796875,0.00634765625,0.0068359375,1.56e-06
ibm_torino,2025-11-19_16:17:07,0.00018569822831822005,0.0001826978489731474,,,0.012451171875,0.00927734375,0.015625,1.56e-06
ibm_marrakesh,2025-11-19_16:17:08,0.00035089118507169846,0.00014416029805865588,,,0.0037841796875,0.00634765625,0.001220703125,2.584e-06
ibm_marrakesh,2025-11-19_16:17:08,0.00018789996957326355,0.00016884412629640283,,,0.0211181640625,0.036376953125,0.005859375,2.584e-06
ibm_marrakesh,2025-11-19_16:17:08,0.00035871279657957755,0.00048611285763560747,,,0.0155029296875,0.026123046875,0.0048828125,2.584e-06
ibm_marrakesh,2025-11-19_16:17:08,0.0003134297251311221,0.00031762050774690833,,,0.006591796875,0.00537109375,0.0078125,2.584e-06
ibm_marrakesh,2025-11-19_16:17:08,0.0001349001764774059,0.00011463544629577656,,,0.0125732421875,0.024658203125,0.00048828125,2.584e-06
ibm_marrakesh,2025-11-19_16:17:08,0.0002358343504654202,0.00011766092860709382,,,0.00537109375,0.0078125,0.0029296875,2.584e-06
ibm_marrakesh,2025-11-19_16:17:08,0.0002993209812557793,0.0001952328968573082,,,0.0045166015625,0.006591796875,0.00244140625,2.584e-06
ibm_marrakesh,2025-11-19_16:17:08,0.00027572543857736,8.825854518346715e-05,,,0.0128173828125,0.021728515625,0.00390625,2.584e-06
ibm_marrakesh,2025-11-19_16:17:08,0.0003174321372251945,8.341436449489584e-05,,,0.002197265625,0.004150390625,0.000244140625,2.584e-06
ibm_marrakesh,2025-11-19_16:17:08,0.00011057506523189231,8.451823484299332e-05,,,0.0230712890625,0.01806640625,0.028076171875,2.584e-06
ibm_marrakesh,2025-11-19_16:17:08,0.00036089532711471115,0.00014996475859860634,,,0.0035400390625,0.0048828125,0.0009765625,2.584e-06
ibm_marrakesh,2025-11-19_16:17:08,0.00035058456009831005,0.00013073032913029443,,,0.0069580078125,0.0078125,0.006103515625,2.584e-06
ibm_marrakesh,2025-11-19_16:17:08,0.0002844921602641793,0.00017213363497584896,,,0.006103515625,0.01025390625,0.001953125,2.584e-06
ibm_marrakesh,2025-11-19_16:17:08,0.00021764207586646593,0.00019041319007103108,,,0.061767578125,0.036376953125,0.087158203125,2.584e-06
ibm_marrakesh,2025-11-19_16:17:08,0.0002521919945320924,0.0001410436463364839,,,0.002197265625,0.00341796875,0.0009765625,2.584e-06
ibm_marrakesh,2025-11-19_16:17:08,0.00014764703283010476,2.8440919142547506e-05,,,0.00390625,0.00390625,0.00390625,2.584e-06
ibm_marrakesh,2025-11-19_16:17:08,0.00011535696750496727,7.270431533931282e-05,,,0.00439453125,0.008544921875,0.000244140625,2.584e-06
ibm_marrakesh,2025-11-19_16:17:08,0.00011424878998642446,9.940934040722028e-06,,,0.0072021484375,0.013671875,0.000732421875,2.584e-06
ibm_marrakesh,2025-11-19_16:17:08,0.00011026413650359219,8.770069754470146e-05,,,0.0067138671875,0.01171875,0.001708984375,2.584e-06
ibm_marrakesh,2025-11-19_16:17:08,0.00016205838690931963,6.105155007430965e-05,,,0.004150390625,0.007568359375,0.000732421875,2.584e-06
ibm_marrakesh,2025-11-19_16:17:08,8.127797707400845e-05,7.481698524162079e-05,,,0.0062255859375,0.011962890625,0.00048828125,2.584e-06
ibm_marrakesh,2025-11-19_16:17:08,0.00028911651415097767,0.00018060469763179476,,,0.0032958984375,0.006103515625,0.00048828125,2.584e-06
ibm_marrakesh,2025-11-19_16:17:08,9.727801926494057e-05,2.9925208165528467e-05,,,0.0093994140625,0.0166015625,0.002197265625,2.584e-06
ibm_marrakesh,2025-11-19_16:17:08,0.0002360040905642947,0.0001566372647466433,,,0.025634765625,0.045654296875,0.005615234375,2.584e-06
ibm_marrakesh,2025-11-19_16:17:08,8.458858644789907e-05,2.478781066233088e-05,,,0.022705078125,0.04443359375,0.0009765625,2.584e-06
ibm_marrakesh,2025-11-19_16:17:08,0.00017093569276725867,3.7393525145566903e-05,,,0.014404296875,0.02587890625,0.0029296875,2.584e-06
ibm_marrakesh,2025-11-19_16:17:08,7.305211597252667e-06,9.525960424279288e-06,,,0.040771484375,0.072509765625,0.009033203125,2.584e-06
ibm_marrakesh,2025-11-19_16:17:08,0.00016031300582700756,0.0001001023928959661,,,0.037841796875,0.01904296875,0.044677734375,2.584e-06
ibm_marrakesh,2025-11-19_16:17:08,0.00022325409166203103,0.0001197743703094748,,,0.009033203125,0.011962890625,0.006103515625,2.584e-06
ibm_marrakesh,2025-11-19_16:17:08,4.004316777775695e-05,4.189315026539076e-05,,,0.103515625,0.205322265625,0.001708984375,2.584e-06
ibm_marrakesh,2025-11-19_16:17:08,0.00026939780208010453,6.985820102036234e-05,,,0.007080078125,0.00732421875,0.0068359375,2.584e-06
ibm_marrakesh,2025-11-19_16:17:08,0.00013637107182378283,5.252128945428988e-05,,,0.0245361328125,0.04736328125,0.001708984375,2.584e-06
ibm_marrakesh,2025-11-19_16:17:08,0.00020549512035432715,2.9047392044506883e-05,,,0.004150390625,0.005859375,0.00244140625,2.584e-06
ibm_marrakesh,2025-11-19_16:17:08,0.00015179208263304533,0.00016708305313617425,,,0.0091552734375,0.017333984375,0.0009765625,2.584e-06
ibm_marrakesh,2025-11-19_16:17:08,0.00020795708033917576,0.0001794137145753324,,,0.0035400390625,0.006103515625,0.0009765625,2.584e-06
ibm_marrakesh,2025-11-19_16:17:08,0.0002469575932585443,0.00030104956180059976,,,0.0146484375,0.0234375,0.005859375,2.584e-06
ibm_marrakesh,2025-11-19_16:17:08,0.00013645947691622297,0.00011223490269121303,,,0.0084228515625,0.015625,0.001220703125,2.584e-06
ibm_marrakesh,2025-11-19_16:17:08,0.00018555651723496848,1.6714218494941527e-05,,,0.013916015625,0.0205078125,0.00732421875,2.584e-06
ibm_marrakesh,2025-11-19_16:17:08,9.19884670120245e-05,3.7446274346931e-05,,,0.0067138671875,0.012451171875,0.0009765625,2.584e-06
ibm_marrakesh,2025-11-19_16:17:08,0.00016943486039722378,5.860546647685099e-05,,,0.0318603515625,0.0576171875,0.006103515625,2.584e-06
ibm_marrakesh,2025-11-19_16:17:08,0.00017442181971477318,9.831699547407974e-05,,,0.2740478515625,0.147216796875,0.40087890625,2.584e-06
ibm_marrakesh,2025-11-19_16:17:08,0.00019435723261183627,3.471424475050765e-05,,,0.0130615234375,0.0244140625,0.001708984375,2.584e-06
ibm_marrakesh,2025-11-19_16:17:08,5.1046391935784024e-05,3.831061633062474e-05,,,0.0086669921875,0.013427734375,0.00390625,2.584e-06
ibm_marrakesh,2025-11-19_16:17:08,0.00028929472427594174,0.00011055162306759455,,,0.01708984375,0.0322265625,0.001953125,2.584e-06
ibm_marrakesh,2025-11-19_16:17:08,0.0001693723555174525,0.00013594151355783742,,,0.0054931640625,0.01123046875,0.0029296875,2.584e-06
ibm_marrakesh,2025-11-19_16:17:08,8.0877773734226e-05,7.307584809514046e-05,,,0.02587890625,0.05126953125,0.00048828125,2.584e-06
ibm_marrakesh,2025-11-19_16:17:08,0.0001810125365663836,7.510434528386285e-05,,,0.01123046875,0.020263671875,0.002197265625,2.584e-06
ibm_marrakesh,2025-11-19_16:17:08,0.0002000369935291345,8.21759132555974e-05,,,0.0125732421875,0.01220703125,0.012939453125,2.584e-06
ibm_marrakesh,2025-11-19_16:17:08,0.00022082627615681267,0.00018914680329095254,,,0.049072265625,0.07666015625,0.021484375,2.584e-06
ibm_marrakesh,2025-11-19_16:17:08,0.00020735235320538974,0.00018897799565011222,,,0.010009765625,0.01806640625,0.001953125,2.584e-06
ibm_marrakesh,2025-11-19_16:17:08,0.0002575015961270512,0.0002959312192312719,,,0.0177001953125,0.028076171875,0.00732421875,2.584e-06
ibm_marrakesh,2025-11-19_16:17:08,0.00019373013579235433,0.0002915768991507247,,,0.1041259765625,0.0419921875,0.166259765625,2.584e-06
ibm_marrakesh,2025-11-19_16:17:08,0.00018710321938431983,0.00019500704058526635,,,0.0078125,0.010498046875,0.005126953125,2.584e-06
ibm_marrakesh,2025-11-19_16:17:08,0.00026769498290144406,0.0003238707161941222,,,0.069580078125,0.129638671875,0.009521484375,2.584e-06
ibm_marrakesh,2025-11-19_16:17:08,0.0002845844400927602,0.00028787700732703104,,,0.007080078125,0.010498046875,0.003662109375,2.584e-06
ibm_marrakesh,2025-11-19_16:17:08,0.00022942914412851103,7.482960518457285e-05,,,0.0147705078125,0.016357421875,0.01318359375,2.584e-06
ibm_marrakesh,2025-11-19_16:17:08,0.00030994040698400203,0.00010828803320660725,,,0.008544921875,0.0107421875,0.00634765625,2.584e-06
ibm_marrakesh,2025-11-19_16:17:08,0.0003047723750783469,0.00016811676246444992,,,0.0078125,0.012451171875,0.003173828125,2.584e-06
ibm_marrakesh,2025-11-19_16:17:08,0.00017382683853592489,0.00019628150315826134,,,0.0238037109375,0.026611328125,0.02099609375,2.584e-06
ibm_marrakesh,2025-11-19_16:17:08,0.00016359655800201415,0.00012348914285781695,,,0.014892578125,0.02587890625,0.00390625,2.584e-06
ibm_marrakesh,2025-11-19_16:17:08,0.00017336727690075442,0.0001754111147913524,,,0.06103515625,0.042724609375,0.079345703125,2.584e-06
ibm_marrakesh,2025-11-19_16:17:08,0.00032231004296021034,0.00024042759566329696,,,0.0118408203125,0.021484375,0.009521484375,2.584e-06
ibm_marrakesh,2025-11-19_16:17:08,0.0001114820994321349,6.291060757960903e-05,,,0.0142822265625,0.027587890625,0.0009765625,2.584e-06
ibm_marrakesh,2025-11-19_16:17:08,0.00015739758545007176,0.00017026168656239429,,,0.1815185546875,0.107177734375,0.255859375,2.584e-06
ibm_marrakesh,2025-11-19_16:17:08,0.0001908014880373852,6.551629672249484e-05,,,0.0203857421875,0.037109375,0.003662109375,2.584e-06
ibm_marrakesh,2025-11-19_16:17:08,0.00029301199908771114,8.551570953408708e-05,,,0.0391845703125,0.07470703125,0.003662109375,2.584e-06
ibm_marrakesh,2025-11-19_16:17:08,0.00013583096035166885,0.00011401342377966901,,,0.005615234375,0.010498046875,0.000732421875,2.584e-06
ibm_marrakesh,2025-11-19_16:17:08,0.00016047030636724626,7.239657194015886e-05,,,0.0330810546875,0.041015625,0.025146484375,2.584e-06
ibm_marrakesh,2025-11-19_16:17:08,0.00010687605331049613,3.713010689632378e-05,,,0.005859375,0.0107421875,0.0009765625,2.584e-06
ibm_marrakesh,2025-11-19_16:17:08,0.00012724852249517682,1.5279937118148804e-05,,,0.023681640625,0.025146484375,0.022216796875,2.584e-06
ibm_marrakesh,2025-11-19_16:17:08,0.00013305480152475606,2.441555813538214e-05,,,0.0087890625,0.013916015625,0.003662109375,2.584e-06
ibm_marrakesh,2025-11-19_16:17:08,0.00015240975229037043,0.00023452567699912746,,,0.0047607421875,0.00830078125,0.001220703125,2.584e-06
ibm_marrakesh,2025-11-19_16:17:08,0.00014790977600362502,7.027286068322497e-05,,,0.011962890625,0.023681640625,0.000244140625,2.584e-06
ibm_marrakesh,2025-11-19_16:17:08,0.00012842089700719012,0.00012328444909903499,,,0.01318359375,0.025390625,0.0009765625,2.584e-06
ibm_marrakesh,2025-11-19_16:17:08,0.00015941669494264616,1.4714014441042105e-05,,,0.0489501953125,0.046630859375,0.05126953125,2.584e-06
ibm_marrakesh,2025-11-19_16:17:08,0.0002591088867412739,0.0003688236368216346,,,0.010009765625,0.017333984375,0.002685546875,2.584e-06
ibm_marrakesh,2025-11-19_16:17:08,0.00013715705863347514,5.233591317523377e-05,,,0.0172119140625,0.029296875,0.005126953125,2.584e-06
ibm_marrakesh,2025-11-19_16:17:08,0.00022676270686883577,0.00015649328582983572,,,0.0096435546875,0.01513671875,0.004150390625,2.584e-06
ibm_marrakesh,2025-11-19_16:17:08,8.089859590495339e-05,4.707167951988024e-05,,,0.0048828125,0.009765625,0.002197265625,2.584e-06
ibm_marrakesh,2025-11-19_16:17:08,0.00012683355067445926,4.047733681633088e-05,,,0.087890625,0.086181640625,0.089599609375,2.584e-06
ibm_marrakesh,2025-11-19_16:17:08,0.00015422028922420396,2.8428783316478904e-05,,,0.004638671875,0.006103515625,0.003173828125,2.584e-06
ibm_marrakesh,2025-11-19_16:17:08,0.0002380851036999542,0.00021832814890932405,,,0.0235595703125,0.043701171875,0.00341796875,2.584e-06
ibm_marrakesh,2025-11-19_16:17:08,1.0034489956174083e-05,1.5188323492435231e-05,,,0.4376220703125,0.874755859375,0.00048828125,2.584e-06
ibm_marrakesh,2025-11-19_16:17:08,0.0002022033267907687,0.0002031763407277501,,,0.1370849609375,0.12353515625,0.150634765625,2.584e-06
ibm_marrakesh,2025-11-19_16:17:08,0.00021088546750776642,0.00016557137662352435,,,0.0244140625,0.04736328125,0.00146484375,2.584e-06
ibm_marrakesh,2025-11-19_16:17:08,9.491890464886541e-05,4.526058811101413e-05,,,0.0054931640625,0.0078125,0.003173828125,2.584e-06
ibm_marrakesh,2025-11-19_16:17:08,0.00029671289288799615,7.220413217830011e-05,,,0.0107421875,0.01953125,0.001953125,2.584e-06
ibm_marrakesh,2025-11-19_16:17:08,0.00020386657008503222,0.00016355959939542283,,,0.0059814453125,0.008544921875,0.00341796875,2.584e-06
ibm_marrakesh,2025-11-19_16:17:08,0.0001919797207544817,0.000147054189908672,,,0.03955078125,0.065673828125,0.013427734375,2.584e-06
ibm_marrakesh,2025-11-19_16:17:08,0.0003041347195969244,0.00031735968167415806,,,0.005126953125,0.0087890625,0.00146484375,2.584e-06
ibm_marrakesh,2025-11-19_16:17:08,6.88964562206845e-05,9.426821014758094e-05,,,0.02490234375,0.038818359375,0.010986328125,2.584e-06
ibm_marrakesh,2025-11-19_16:17:08,6.30505518757309e-05,7.24110648728859e-05,,,0.0068359375,0.011474609375,0.002197265625,2.584e-06
ibm_marrakesh,2025-11-19_16:17:08,0.00023078386879918185,0.00024517007349909354,,,0.00537109375,0.010009765625,0.000732421875,2.584e-06
ibm_marrakesh,2025-11-19_16:17:08,0.00031669625458187977,0.00027173159319178095,,,0.004150390625,0.0068359375,0.00146484375,2.584e-06
ibm_marrakesh,2025-11-19_16:17:08,0.000334416915497585,0.0002029726411702582,,,0.0111083984375,0.01513671875,0.007080078125,2.584e-06
ibm_marrakesh,2025-11-19_16:17:08,0.00021752310034978614,0.0004028428694302428,,,0.0128173828125,0.0068359375,0.013916015625,2.584e-06
ibm_marrakesh,2025-11-19_16:17:08,0.00010668161628202521,7.024012250284706e-05,,,0.0443115234375,0.0849609375,0.003662109375,2.584e-06
ibm_marrakesh,2025-11-19_16:17:08,0.00011177333518985339,4.117314125122745e-05,,,0.00732421875,0.009765625,0.0048828125,2.584e-06
ibm_marrakesh,2025-11-19_16:17:08,0.00022908862984981533,2.927938317176364e-05,,,0.0079345703125,0.0146484375,0.001220703125,2.584e-06
ibm_marrakesh,2025-11-19_16:17:08,0.0001325171216204128,6.539431258682322e-05,,,0.006103515625,0.00927734375,0.0029296875,2.584e-06
ibm_marrakesh,2025-11-19_16:17:08,8.091897052755092e-05,3.0841364672605744e-05,,,0.0096435546875,0.012939453125,0.00634765625,2.584e-06
ibm_marrakesh,2025-11-19_16:17:08,0.00022177059150178463,6.718157966304352e-05,,,0.0133056640625,0.0244140625,0.002197265625,2.584e-06
ibm_marrakesh,2025-11-19_16:17:08,9.864630561070775e-05,8.380114707594185e-05,,,0.022216796875,0.041259765625,0.003173828125,2.584e-06
ibm_marrakesh,2025-11-19_16:17:08,8.974564510145065e-05,4.587463300377499e-05,,,0.0126953125,0.0234375,0.001953125,2.584e-06
ibm_marrakesh,2025-11-19_16:17:08,0.0003553763761049738,2.5399517437062664e-05,,,0.01708984375,0.020751953125,0.013427734375,2.584e-06
ibm_marrakesh,2025-11-19_16:17:08,0.00012133183738348887,9.320789187811267e-05,,,0.0130615234375,0.023193359375,0.0029296875,2.584e-06
ibm_marrakesh,2025-11-19_16:17:08,0.0003311896422041804,0.00024444982582850616,,,0.0208740234375,0.025390625,0.016357421875,2.584e-06
ibm_marrakesh,2025-11-19_16:17:08,0.0003699122377279773,0.0003089457419585822,,,0.0052490234375,0.006591796875,0.00390625,2.584e-06
ibm_marrakesh,2025-11-19_16:17:08,2.7155461915097684e-05,4.180450854702057e-05,,,0.013916015625,0.021728515625,0.006103515625,2.584e-06
ibm_marrakesh,2025-11-19_16:17:08,0.0003187341408027197,0.00010763994415348375,,,0.003173828125,0.004638671875,0.001708984375,2.584e-06
ibm_marrakesh,2025-11-19_16:17:08,0.00024883042821103284,0.00022511337036277548,,,0.01416015625,0.017333984375,0.010986328125,2.584e-06
ibm_marrakesh,2025-11-19_16:17:08,0.00018479580550877228,3.844108588180445e-05,,,0.0137939453125,0.025634765625,0.001953125,2.584e-06
ibm_marrakesh,2025-11-19_16:17:08,0.00030510599391763126,0.00020143351115035275,,,0.0048828125,0.00537109375,0.002197265625,2.584e-06
ibm_marrakesh,2025-11-19_16:17:08,0.00017300765574150448,0.00012111110201074951,,,0.288330078125,0.482666015625,0.093994140625,2.584e-06
ibm_marrakesh,2025-11-19_16:17:08,0.00012823703279992644,0.0001723063451092678,,,0.004638671875,0.00732421875,0.001953125,2.584e-06
ibm_marrakesh,2025-11-19_16:17:08,0.0002214108445725148,8.165040783373478e-05,,,0.00830078125,0.011474609375,0.005126953125,2.584e-06
ibm_marrakesh,2025-11-19_16:17:08,8.509900347904438e-05,2.5038356528564833e-05,,,0.01416015625,0.020751953125,0.007568359375,2.584e-06
ibm_marrakesh,2025-11-19_16:17:08,0.00023760785382955863,1.0240553156820479e-05,,,0.0145263671875,0.019775390625,0.00927734375,2.584e-06
ibm_marrakesh,2025-11-19_16:17:08,0.0002125494530941379,7.167121337035979e-05,,,0.0103759765625,0.019287109375,0.00146484375,2.584e-06
ibm_marrakesh,2025-11-19_16:17:08,0.0002517276776040969,7.56274732378708e-05,,,0.2122802734375,0.41162109375,0.012939453125,2.584e-06
ibm_marrakesh,2025-11-19_16:17:08,0.00019575498009705624,7.048904604149457e-05,,,0.0059814453125,0.011474609375,0.00048828125,2.584e-06
ibm_marrakesh,2025-11-19_16:17:08,0.0002258119413609192,7.34964353176373e-05,,,0.043701171875,0.085205078125,0.002197265625,2.584e-06
ibm_marrakesh,2025-11-19_16:17:08,0.00018180117374354214,2.3620817211471576e-05,,,0.0086669921875,0.01611328125,0.001220703125,2.584e-06
ibm_marrakesh,2025-11-19_16:17:08,0.00021166010719806189,9.712834897409232e-05,,,0.0081787109375,0.01416015625,0.002197265625,2.584e-06
ibm_marrakesh,2025-11-19_16:17:08,0.00014400270743509955,0.00014118041797776508,,,0.0064697265625,0.0126953125,0.000244140625,2.584e-06
ibm_marrakesh,2025-11-19_16:17:08,0.00021312759998222264,5.9906360758832637e-05,,,0.0072021484375,0.01123046875,0.003173828125,2.584e-06
ibm_marrakesh,2025-11-19_16:17:08,0.0001069388523314423,1.8522144408486366e-05,,,0.011474609375,0.022216796875,0.000732421875,2.584e-06
ibm_marrakesh,2025-11-19_16:17:08,0.00027730106121749324,1.772315703201247e-05,,,0.0245361328125,0.03125,0.017822265625,2.584e-06
ibm_marrakesh,2025-11-19_16:17:08,0.0003112349167810045,0.00037712327860474126,,,0.0074462890625,0.01220703125,0.002685546875,2.584e-06
ibm_marrakesh,2025-11-19_16:17:08,0.0002966094721009735,0.0003340504135735154,,,0.010986328125,0.00830078125,0.00244140625,2.584e-06
ibm_marrakesh,2025-11-19_16:17:08,0.0003116460918671533,1.4150152027949567e-05,,,0.1240234375,0.116455078125,0.131591796875,2.584e-06
ibm_marrakesh,2025-11-19_16:17:08,0.00017312217095112863,0.0001384283785966757,,,0.00830078125,0.009521484375,0.007080078125,2.584e-06
ibm_marrakesh,2025-11-19_16:17:08,0.00036816734111030285,9.496836574023171e-05,,,0.01123046875,0.020751953125,0.001708984375,2.584e-06
ibm_marrakesh,2025-11-19_16:17:08,0.0003318624871689272,0.00026674450811003286,,,0.026611328125,0.049072265625,0.004150390625,2.584e-06
ibm_marrakesh,2025-11-19_16:17:08,0.0002555868876189011,0.00013476714066085123,,,0.0057373046875,0.00927734375,0.002197265625,2.584e-06
ibm_marrakesh,2025-11-19_16:17:08,0.00036285441589752667,8.257969658806351e-05,,,0.0572509765625,0.037109375,0.077392578125,2.584e-06
ibm_marrakesh,2025-11-19_16:17:08,0.0002530025498134167,0.0002000531261593671,,,0.0040283203125,0.007568359375,0.00048828125,2.584e-06
ibm_marrakesh,2025-11-19_16:17:08,7.903971289053877e-05,6.834619782416743e-05,,,0.0067138671875,0.01220703125,0.001220703125,2.584e-06
ibm_marrakesh,2025-11-19_16:17:08,0.0002559793049164544,9.099157419019455e-05,,,0.0069580078125,0.00927734375,0.004638671875,2.584e-06
ibm_marrakesh,2025-11-19_16:17:08,0.00015725639948172042,0.00020894335568250435,,,0.004638671875,0.00732421875,0.001953125,2.584e-06
ibm_marrakesh,2025-11-19_16:17:08,0.00036217173166818546,5.825444110047374e-05,,,0.00341796875,0.004638671875,0.002197265625,2.584e-06
ibm_marrakesh,2025-11-19_16:17:08,0.0003067683096459699,0.000261212180520474,,,0.0264892578125,0.02294921875,0.030029296875,2.584e-06
ibm_marrakesh,2025-11-19_16:17:08,0.0001875794605763269,0.0001708632409978694,,,0.005859375,0.010009765625,0.001708984375,2.584e-06
ibm_marrakesh,2025-11-19_16:17:08,0.0001683112668975231,5.791530871954902e-05,,,0.0064697265625,0.011962890625,0.0009765625,2.584e-06
ibm_marrakesh,2025-11-19_16:17:08,7.162839955561423e-05,3.671936567306467e-05,,,0.0142822265625,0.027099609375,0.00146484375,2.584e-06
ibm_marrakesh,2025-11-19_16:17:08,0.00016423385777398504,0.00016100692618512962,,,0.017822265625,0.0263671875,0.00927734375,2.584e-06
ibm_marrakesh,2025-11-19_16:17:08,7.115546109783149e-05,3.59755406123771e-05,,,0.00390625,0.01171875,0.000732421875,2.584e-06
ibm_marrakesh,2025-11-19_16:17:08,0.00018564186511289458,7.008518415031788e-05,,,0.013427734375,0.021728515625,0.005126953125,2.584e-06
ibm_marrakesh,2025-11-19_16:17:08,0.00025865288914160464,0.00010806673694111225,,,0.00341796875,0.00537109375,0.00146484375,2.584e-06
ibm_marrakesh,2025-11-19_16:17:08,0.00015370882858270057,9.385344879647085e-05,,,0.0042724609375,0.00732421875,0.001220703125,2.584e-06
ibm_marrakesh,2025-11-19_16:17:08,0.00016494052330451753,0.00011551366261808708,,,0.0242919921875,0.041259765625,0.00732421875,2.584e-06
ibm_marrakesh,2025-11-19_16:17:08,0.0002009322068845053,7.458472356842648e-05,,,0.0074462890625,0.0126953125,0.002197265625,2.584e-06
ibm_marrakesh,2025-11-19_16:17:08,0.00034355386307659866,0.00018255253897859458,,,0.012939453125,0.017578125,0.00830078125,2.584e-06
ibm_marrakesh,2025-11-19_16:17:08,0.0001366747211770602,0.00017918195988655746,,,0.0050048828125,0.00537109375,0.004638671875,2.584e-06
ibm_marrakesh,2025-11-19_16:17:08,0.00028705092891463283,1.6311994066580407e-05,,,0.0115966796875,0.0205078125,0.002685546875,2.584e-06
ibm_marrakesh,2025-11-19_16:17:08,0.0004301860114104501,0.00014617134472699942,,,0.009765625,0.0107421875,0.0087890625,2.584e-06
