nom,time,T1,T2,frequency,anharmonicity,readout_error,prob_meas0_prep1,prob_meas1_prep0,readout_length
ibm_fez,2025-11-20_11:56:07,5.7102628107648944e-05,4.599155509291742e-05,,,0.0108642578125,0.019775390625,0.001953125,1.56e-06
ibm_fez,2025-11-20_11:56:07,0.00023838879915135408,0.00024782998404487307,,,0.024169921875,0.03271484375,0.015625,1.56e-06
ibm_fez,2025-11-20_11:56:07,0.0002949844396088958,0.0001453118095143356,,,0.004150390625,0.005126953125,0.003173828125,1.56e-06
ibm_fez,2025-11-20_11:56:07,0.0002691805143034682,0.000215676461581315,,,0.0224609375,0.0244140625,0.0205078125,1.56e-06
ibm_fez,2025-11-20_11:56:07,0.00014367254543784573,0.00010450535508309127,,,0.0106201171875,0.01904296875,0.002197265625,1.56e-06
ibm_fez,2025-11-20_11:56:07,0.00020040026877602007,0.0001523786434060195,,,0.005615234375,0.007080078125,0.004150390625,1.56e-06
ibm_fez,2025-11-20_11:56:07,0.00021933217401873186,0.00013671214332702678,,,0.0084228515625,0.007568359375,0.00927734375,1.56e-06
ibm_fez,2025-11-20_11:56:07,8.936420564846082e-05,4.466520686535624e-05,,,0.0262451171875,0.03515625,0.017333984375,1.56e-06
ibm_fez,2025-11-20_11:56:07,0.00015500991669206292,4.6815735455530994e-05,,,0.0064697265625,0.010009765625,0.0029296875,1.56e-06
ibm_fez,2025-11-20_11:56:07,0.00016491517791930157,2.7514598673457367e-05,,,0.0098876953125,0.010986328125,0.0087890625,1.56e-06
ibm_fez,2025-11-20_11:56:07,0.0002246835371403848,0.00012953506855588765,,,0.004638671875,0.01123046875,0.00439453125,1.56e-06
ibm_fez,2025-11-20_11:56:07,0.00022207386216152567,9.8148201867502e-05,,,0.020751953125,0.020263671875,0.021240234375,1.56e-06
ibm_fez,2025-11-20_11:56:07,8.08042159518627e-05,5.605464322984617e-05,,,0.0213623046875,0.024169921875,0.0185546875,1.56e-06
ibm_fez,2025-11-20_11:56:07,0.0001619118416552345,5.4668388476425506e-05,,,0.0213623046875,0.015625,0.027099609375,1.56e-06
ibm_fez,2025-11-20_11:56:07,0.0002516309807988065,7.931026965738068e-05,,,0.0068359375,0.005859375,0.0078125,1.56e-06
ibm_fez,2025-11-20_11:56:07,0.0003367525823408625,0.00020138275933570464,,,0.0181884765625,0.02783203125,0.008544921875,1.56e-06
ibm_fez,2025-11-20_11:56:07,6.469867489017785e-05,7.397381593598316e-05,,,0.007080078125,0.013427734375,0.000732421875,1.56e-06
ibm_fez,2025-11-20_11:56:07,0.00015136558059966433,0.00010416291508445393,,,0.0081787109375,0.0087890625,0.007568359375,1.56e-06
ibm_fez,2025-11-20_11:56:07,0.00011626915092184128,6.435458887117784e-05,,,0.0064697265625,0.00732421875,0.005615234375,1.56e-06
ibm_fez,2025-11-20_11:56:07,0.00019985997557838843,0.00018282057905462455,,,0.010009765625,0.012939453125,0.007080078125,1.56e-06
ibm_fez,2025-11-20_11:56:07,0.00015475646553272604,0.00019313858884375642,,,0.0084228515625,0.0107421875,0.006103515625,1.56e-06
ibm_fez,2025-11-20_11:56:07,0.00015529260560338847,0.00013870015333813137,,,0.0059814453125,0.010009765625,0.001953125,1.56e-06
ibm_fez,2025-11-20_11:56:07,6.482432552230002e-05,5.9339400890501834e-05,,,0.0050048828125,0.0087890625,0.001220703125,1.56e-06
ibm_fez,2025-11-20_11:56:07,0.00019908016128888464,0.00023611690505258615,,,0.0057373046875,0.0087890625,0.002685546875,1.56e-06
ibm_fez,2025-11-20_11:56:07,8.158179681001382e-05,7.893784135326681e-05,,,0.0078125,0.009521484375,0.006103515625,1.56e-06
ibm_fez,2025-11-20_11:56:07,0.00017665261111013303,0.00015768965095893167,,,0.0101318359375,0.0126953125,0.007568359375,1.56e-06
ibm_fez,2025-11-20_11:56:07,0.0001602004837044657,0.0001094309239396876,,,0.0098876953125,0.013916015625,0.005859375,1.56e-06
ibm_fez,2025-11-20_11:56:07,0.00012027847602842642,0.00012974999933435026,,,0.0093994140625,0.0166015625,0.002685546875,1.56e-06
ibm_fez,2025-11-20_11:56:07,0.00013783011930384707,0.00016115979498699303,,,0.0067138671875,0.010009765625,0.00341796875,1.56e-06
ibm_fez,2025-11-20_11:56:07,0.0001751593766766304,5.164913884717155e-05,,,0.0130615234375,0.01513671875,0.010986328125,1.56e-06
ibm_fez,2025-11-20_11:56:07,0.00013033414296306352,0.00011745098073900663,,,0.009765625,0.010498046875,0.009033203125,1.56e-06
ibm_fez,2025-11-20_11:56:07,0.00014102376944506533,7.056544490208277e-05,,,0.019287109375,0.029541015625,0.009033203125,1.56e-06
ibm_fez,2025-11-20_11:56:07,0.00015369200656890021,6.388859465519024e-05,,,0.0291748046875,0.031494140625,0.02685546875,1.56e-06
ibm_fez,2025-11-20_11:56:07,0.0001037094547562582,9.091562017204313e-05,,,0.01708984375,0.021484375,0.0126953125,1.56e-06
ibm_fez,2025-11-20_11:56:07,0.00012990173226716742,7.830489652036957e-05,,,0.0135498046875,0.01318359375,0.013916015625,1.56e-06
ibm_fez,2025-11-20_11:56:07,0.00013724079819803976,5.257204637530777e-05,,,0.0399169921875,0.036376953125,0.04345703125,1.56e-06
ibm_fez,2025-11-20_11:56:07,4.6076023854768154e-05,4.4875225581494436e-05,,,0.0059814453125,0.006103515625,0.005859375,1.56e-06
ibm_fez,2025-11-20_11:56:07,0.00011483307718831972,0.00013999156643010807,,,0.0101318359375,0.0126953125,0.007568359375,1.56e-06
ibm_fez,2025-11-20_11:56:07,0.0001642402159026687,0.00016214259766650488,,,0.0064697265625,0.008544921875,0.00439453125,1.56e-06
ibm_fez,2025-11-20_11:56:07,5.884064585042518e-05,7.614953903904023e-05,,,0.014892578125,0.01806640625,0.01171875,1.56e-06
ibm_fez,2025-11-20_11:56:07,0.00012867768244544992,0.00017024297021180418,,,0.0257568359375,0.02392578125,0.027587890625,1.56e-06
ibm_fez,2025-11-20_11:56:07,0.00016140516719088884,0.00010931477282736928,,,0.0726318359375,0.10693359375,0.038330078125,1.56e-06
ibm_fez,2025-11-20_11:56:07,0.00021633514023300677,4.477298185419391e-05,,,0.015380859375,0.015625,0.01513671875,1.56e-06
ibm_fez,2025-11-20_11:56:07,0.0001260339998038417,6.941445135751545e-05,,,0.1019287109375,0.10009765625,0.103759765625,1.56e-06
ibm_fez,2025-11-20_11:56:07,0.00013759519608156484,0.00012628259005980537,,,0.004638671875,0.01123046875,0.003173828125,1.56e-06
ibm_fez,2025-11-20_11:56:07,0.00023417586307699444,0.00017789086742657604,,,0.0477294921875,0.044189453125,0.05126953125,1.56e-06
ibm_fez,2025-11-20_11:56:07,0.00012862348531672153,1.21492796792437e-05,,,0.005615234375,0.00634765625,0.0048828125,1.56e-06
ibm_fez,2025-11-20_11:56:07,0.0001539603580210225,5.9087933644749496e-05,,,0.026123046875,0.030029296875,0.022216796875,1.56e-06
ibm_fez,2025-11-20_11:56:07,0.00018869107980532465,5.675530494735207e-05,,,0.0045166015625,0.00830078125,0.000732421875,1.56e-06
ibm_fez,2025-11-20_11:56:07,0.00014664423586057649,2.9802392062942896e-05,,,0.0191650390625,0.021728515625,0.0166015625,1.56e-06
ibm_fez,2025-11-20_11:56:07,0.0001791043174494744,0.00012220608995766537,,,0.005615234375,0.007568359375,0.003662109375,1.56e-06
ibm_fez,2025-11-20_11:56:07,5.7304929741192765e-05,6.343199640251902e-05,,,0.036865234375,0.035888671875,0.037841796875,1.56e-06
ibm_fez,2025-11-20_11:56:07,7.436735812229327e-05,3.735992447618782e-05,,,0.010009765625,0.013916015625,0.006103515625,1.56e-06
ibm_fez,2025-11-20_11:56:07,0.0002208281516984278,1.4269269044836143e-05,,,0.0531005859375,0.053955078125,0.05224609375,1.56e-06
ibm_fez,2025-11-20_11:56:07,0.00016542040060778566,0.000104092651525745,,,0.005859375,0.006103515625,0.005615234375,1.56e-06
ibm_fez,2025-11-20_11:56:07,0.00016480756791241528,0.0001915435656200034,,,0.0555419921875,0.089111328125,0.02197265625,1.56e-06
ibm_fez,2025-11-20_11:56:07,0.00015792129194239078,0.0001783699959125893,,,0.0089111328125,0.01220703125,0.005615234375,1.56e-06
ibm_fez,2025-11-20_11:56:07,0.00014207512216637985,7.237988765833606e-05,,,0.0096435546875,0.01611328125,0.003173828125,1.56e-06
ibm_fez,2025-11-20_11:56:07,0.00010256668574867344,8.967083105640144e-05,,,0.0064697265625,0.011474609375,0.00146484375,1.56e-06
ibm_fez,2025-11-20_11:56:07,0.00019716255184803642,0.0001727076020436842,,,0.0078125,0.009765625,0.005859375,1.56e-06
ibm_fez,2025-11-20_11:56:07,0.00017207006399700317,3.493933076816237e-05,,,0.0330810546875,0.0390625,0.027099609375,1.56e-06
ibm_fez,2025-11-20_11:56:07,0.00021418625777589874,0.00012897341829604125,,,0.039794921875,0.0419921875,0.039306640625,1.56e-06
ibm_fez,2025-11-20_11:56:07,0.00011467028299839535,4.265369169127327e-05,,,0.022216796875,0.020263671875,0.024169921875,1.56e-06
ibm_fez,2025-11-20_11:56:07,0.00013067259255160042,1.2090328529059503e-05,,,0.1241455078125,0.10693359375,0.141357421875,1.56e-06
ibm_fez,2025-11-20_11:56:07,0.0001793279218269481,0.0001136000856113845,,,0.006103515625,0.010986328125,0.001220703125,1.56e-06
ibm_fez,2025-11-20_11:56:07,6.56658042171998e-05,5.353078727369756e-05,,,0.0887451171875,0.0849609375,0.092529296875,1.56e-06
ibm_fez,2025-11-20_11:56:07,7.873252319581674e-05,1.639051174168026e-05,,,0.0096435546875,0.01171875,0.007568359375,1.56e-06
ibm_fez,2025-11-20_11:56:07,0.00013812008431195226,5.1364915909124184e-05,,,0.0496826171875,0.055908203125,0.04345703125,1.56e-06
ibm_fez,2025-11-20_11:56:07,8.623506995446556e-05,7.432543055783513e-05,,,0.0078125,0.013916015625,0.001708984375,1.56e-06
ibm_fez,2025-11-20_11:56:07,0.00014614418795010303,7.979066863873723e-05,,,0.007568359375,0.01220703125,0.0029296875,1.56e-06
ibm_fez,2025-11-20_11:56:07,0.00010666513175848639,8.421962681314865e-05,,,0.0035400390625,0.005615234375,0.00146484375,1.56e-06
ibm_fez,2025-11-20_11:56:07,0.0001554467718958015,0.000133962607779936,,,0.00732421875,0.01220703125,0.00244140625,1.56e-06
ibm_fez,2025-11-20_11:56:07,8.837965662986427e-06,9.915649886504495e-05,,,0.1854248046875,0.173583984375,0.197265625,1.56e-06
ibm_fez,2025-11-20_11:56:07,0.00016175527216140658,7.564329740217214e-05,,,0.017333984375,0.02392578125,0.0107421875,1.56e-06
ibm_fez,2025-11-20_11:56:07,0.00011409981694817832,0.00012966695852145528,,,0.00732421875,0.009521484375,0.005126953125,1.56e-06
ibm_fez,2025-11-20_11:56:07,0.00014423043268282183,0.00015151697975146814,,,0.0068359375,0.00927734375,0.00439453125,1.56e-06
ibm_fez,2025-11-20_11:56:07,0.00016896012605762772,7.721300862805448e-05,,,0.034423828125,0.03857421875,0.0302734375,1.56e-06
ibm_fez,2025-11-20_11:56:07,0.0001536065782516257,5.0690193947823206e-05,,,0.01220703125,0.0146484375,0.009765625,1.56e-06
ibm_fez,2025-11-20_11:56:07,6.821348714145416e-05,5.652323062360421e-05,,,0.014892578125,0.01416015625,0.01220703125,1.56e-06
ibm_fez,2025-11-20_11:56:07,0.00013997405995269899,4.9368792615653625e-05,,,0.0091552734375,0.014892578125,0.00341796875,1.56e-06
ibm_fez,2025-11-20_11:56:07,0.00010242598434407176,0.00012166558766565486,,,0.0079345703125,0.01123046875,0.004638671875,1.56e-06
ibm_fez,2025-11-20_11:56:07,0.00019511243757962368,2.144873360756747e-05,,,0.01806640625,0.0244140625,0.01171875,1.56e-06
ibm_fez,2025-11-20_11:56:07,7.374338413465056e-05,2.8906902445448133e-05,,,0.0045166015625,0.006103515625,0.0029296875,1.56e-06
ibm_fez,2025-11-20_11:56:07,0.0001995387265982798,0.00027117150911504543,,,0.0908203125,0.0888671875,0.0927734375,1.56e-06
ibm_fez,2025-11-20_11:56:07,0.0001411373440278162,0.0001645040781087226,,,0.006103515625,0.0107421875,0.00146484375,1.56e-06
ibm_fez,2025-11-20_11:56:07,0.00019153775301844218,3.730028999890784e-05,,,0.0107421875,0.011474609375,0.010009765625,1.56e-06
ibm_fez,2025-11-20_11:56:07,0.0001300069337251326,8.795047326210164e-05,,,0.0084228515625,0.01025390625,0.006591796875,1.56e-06
ibm_fez,2025-11-20_11:56:07,0.00016308540240540567,0.00017977643647178705,,,0.04150390625,0.05810546875,0.02490234375,1.56e-06
ibm_fez,2025-11-20_11:56:07,0.00015228796228531908,0.00018905564932220282,,,0.0081787109375,0.014404296875,0.001953125,1.56e-06
ibm_fez,2025-11-20_11:56:07,0.00017978751479947057,9.15200641631056e-05,,,0.018310546875,0.02392578125,0.0126953125,1.56e-06
ibm_fez,2025-11-20_11:56:07,0.0001341591818894014,0.0001409090096771357,,,0.0048828125,0.00830078125,0.00146484375,1.56e-06
ibm_fez,2025-11-20_11:56:07,0.0001373992719655545,1.848747170807947e-05,,,0.0247802734375,0.031982421875,0.017578125,1.56e-06
ibm_fez,2025-11-20_11:56:07,0.00013283895964950448,0.00017144198902777725,,,0.00537109375,0.009033203125,0.001708984375,1.56e-06
ibm_fez,2025-11-20_11:56:07,0.00019236554758970988,0.00020588806819022483,,,0.0262451171875,0.030029296875,0.0224609375,1.56e-06
ibm_fez,2025-11-20_11:56:07,0.00015190254289496348,4.873517362321227e-05,,,0.0115966796875,0.010986328125,0.01220703125,1.56e-06
ibm_fez,2025-11-20_11:56:07,0.00012345721114724435,0.00013106232878715542,,,0.0078125,0.0146484375,0.00341796875,1.56e-06
ibm_fez,2025-11-20_11:56:07,0.00011005245142583341,8.912160946761149e-05,,,0.0047607421875,0.005615234375,0.00390625,1.56e-06
ibm_fez,2025-11-20_11:56:07,9.516450440613486e-05,0.00010901847128077529,,,0.00634765625,0.0078125,0.0048828125,1.56e-06
ibm_fez,2025-11-20_11:56:07,0.00013871246044590968,1.2284481561605033e-05,,,0.011962890625,0.019775390625,0.004150390625,1.56e-06
ibm_fez,2025-11-20_11:56:07,0.00015936243064960584,3.588968832081377e-05,,,0.0142822265625,0.013671875,0.014892578125,1.56e-06
ibm_fez,2025-11-20_11:56:07,0.000125625173956499,2.417665328054556e-05,,,0.00927734375,0.012939453125,0.005615234375,1.56e-06
ibm_fez,2025-11-20_11:56:07,0.00014345126597425679,0.00011270929116016632,,,0.0531005859375,0.060791015625,0.04541015625,1.56e-06
ibm_fez,2025-11-20_11:56:07,0.0001344173446944057,9.10579134521249e-05,,,0.0133056640625,0.023193359375,0.00341796875,1.56e-06
ibm_fez,2025-11-20_11:56:07,2.6539274191352848e-05,3.3413865685637676e-05,,,0.0081787109375,0.011962890625,0.00439453125,1.56e-06
ibm_fez,2025-11-20_11:56:07,0.00010326459237402133,9.770326569381552e-05,,,0.0087890625,0.01220703125,0.00537109375,1.56e-06
ibm_fez,2025-11-20_11:56:07,8.505194626728023e-05,0.00010377433864872675,,,0.0255126953125,0.02587890625,0.025146484375,1.56e-06
ibm_fez,2025-11-20_11:56:07,0.00010914486964806021,0.0001253852529382854,,,0.0052490234375,0.006591796875,0.00390625,1.56e-06
ibm_fez,2025-11-20_11:56:07,7.889187521296966e-05,1.9618993213102424e-05,,,0.0118408203125,0.013671875,0.010009765625,1.56e-06
ibm_fez,2025-11-20_11:56:07,0.0001670481281248572,0.0001631405831835725,,,0.005126953125,0.008056640625,0.002197265625,1.56e-06
ibm_fez,2025-11-20_11:56:07,0.00011023021413335354,6.999438236083547e-05,,,0.0101318359375,0.01318359375,0.007080078125,1.56e-06
ibm_fez,2025-11-20_11:56:07,8.35759894085044e-05,7.429858175534577e-05,,,0.0037841796875,0.00634765625,0.001220703125,1.56e-06
ibm_fez,2025-11-20_11:56:07,0.0001263436123722466,9.375774488855662e-05,,,0.01025390625,0.013671875,0.0068359375,1.56e-06
ibm_fez,2025-11-20_11:56:07,0.00012902145364329575,0.0001301663000987134,,,0.010986328125,0.00830078125,0.010986328125,1.56e-06
ibm_fez,2025-11-20_11:56:07,0.00017747011378157915,2.3513242025271152e-05,,,0.072998046875,0.082763671875,0.063232421875,1.56e-06
ibm_fez,2025-11-20_11:56:07,0.00013973078073531499,9.528851554450653e-05,,,0.0076904296875,0.010009765625,0.00537109375,1.56e-06
ibm_fez,2025-11-20_11:56:07,7.993383445550354e-05,0.00010438905269649393,,,0.0040283203125,0.008056640625,0,1.56e-06
ibm_fez,2025-11-20_11:56:07,0.00016921315689354585,0.00018039908717357463,,,0.0108642578125,0.01318359375,0.008544921875,1.56e-06
ibm_fez,2025-11-20_11:56:07,0.00012188012461603355,0.00012374931719785534,,,0.0189208984375,0.0205078125,0.017333984375,1.56e-06
ibm_fez,2025-11-20_11:56:07,0.00012965077633739368,3.823913934189191e-05,,,0.0069580078125,0.010009765625,0.00390625,1.56e-06
ibm_fez,2025-11-20_11:56:07,5.5435434904202766e-05,6.820111844561034e-05,,,0.0108642578125,0.0126953125,0.009033203125,1.56e-06
ibm_fez,2025-11-20_11:56:07,0.00017511661488594382,0.00019163537391127816,,,0.0101318359375,0.01318359375,0.007080078125,1.56e-06
ibm_fez,2025-11-20_11:56:07,0.00020649644321865348,0.00015938820263913393,,,0.01171875,0.01318359375,0.01025390625,1.56e-06
ibm_fez,2025-11-20_11:56:07,0.00017486374211725346,6.735286553824848e-05,,,0.0096435546875,0.015380859375,0.00390625,1.56e-06
ibm_fez,2025-11-20_11:56:07,0.00015668646294258743,0.00013416634651375924,,,0.0068359375,0.009033203125,0.004638671875,1.56e-06
ibm_fez,2025-11-20_11:56:07,0.00011021148247057504,0.00013758328725351274,,,0.0072021484375,0.013916015625,0.00048828125,1.56e-06
ibm_fez,2025-11-20_11:56:07,0.00013077360774332283,4.9595882739832655e-05,,,0.0125732421875,0.013916015625,0.01123046875,1.56e-06
ibm_fez,2025-11-20_11:56:07,0.00013926259581448339,7.846265029352852e-05,,,0.005859375,0.00927734375,0.00244140625,1.56e-06
ibm_fez,2025-11-20_11:56:07,0.00016674744112546734,0.00015472789304415998,,,0.0087890625,0.01171875,0.005859375,1.56e-06
ibm_fez,2025-11-20_11:56:07,0.00015180995587796175,4.9231088877804405e-05,,,0.0135498046875,0.01708984375,0.010009765625,1.56e-06
ibm_fez,2025-11-20_11:56:07,0.00013403572376630848,0.00010503291441256367,,,0.02001953125,0.02734375,0.015380859375,1.56e-06
ibm_fez,2025-11-20_11:56:07,0.00015452756999860935,0.00016800311900928058,,,0.005615234375,0.00830078125,0.0029296875,1.56e-06
ibm_fez,2025-11-20_11:56:07,0.00019480056336690412,0.00020659401805148085,,,0.0894775390625,0.090087890625,0.0888671875,1.56e-06
ibm_fez,2025-11-20_11:56:07,8.676734310854409e-05,8.627590452768276e-05,,,0.0035400390625,0.006591796875,0.00048828125,1.56e-06
ibm_fez,2025-11-20_11:56:07,0.0001390484039069431,4.314958263345816e-05,,,0.0111083984375,0.018798828125,0.00341796875,1.56e-06
ibm_fez,2025-11-20_11:56:07,0.00015151788261224319,3.706532552112991e-05,,,0.0106201171875,0.01708984375,0.004150390625,1.56e-06
ibm_fez,2025-11-20_11:56:07,9.911474705738212e-05,0.00012768656221905455,,,0.0548095703125,0.0693359375,0.040283203125,1.56e-06
ibm_fez,2025-11-20_11:56:07,0.00011124917600925531,0.0001107920457148038,,,0.005859375,0.010009765625,0.001708984375,1.56e-06
ibm_fez,2025-11-20_11:56:07,0.00018092826589573825,0.00021533328363672872,,,0.005859375,0.0078125,0.00390625,1.56e-06
ibm_fez,2025-11-20_11:56:07,9.431151711904417e-05,0.0001364599255531877,,,0.007080078125,0.010009765625,0.004150390625,1.56e-06
ibm_fez,2025-11-20_11:56:07,0.00010757670078251257,3.630938880860097e-05,,,0.007080078125,0.01171875,0.00244140625,1.56e-06
ibm_fez,2025-11-20_11:56:07,0.00011628409764706971,0.0002068941803541429,,,0.013671875,0.01611328125,0.01123046875,1.56e-06
ibm_fez,2025-11-20_11:56:07,0.00021574385375571154,0.00014898243384825862,,,0.0107421875,0.0146484375,0.0068359375,1.56e-06
ibm_fez,2025-11-20_11:56:07,0.00020078523786839212,0.00021381328574940196,,,0.0054931640625,0.00927734375,0.001708984375,1.56e-06
ibm_fez,2025-11-20_11:56:07,0.0001268902366989674,0.00015832793560767759,,,0.00927734375,0.015380859375,0.003173828125,1.56e-06
ibm_fez,2025-11-20_11:56:07,0.00014298244805268143,0.0002059386589839206,,,0.0054931640625,0.01025390625,0.000732421875,1.56e-06
ibm_fez,2025-11-20_11:56:07,0.00015572866741919432,0.00012738207055710597,,,0.0140380859375,0.019287109375,0.0087890625,1.56e-06
ibm_fez,2025-11-20_11:56:07,0.00011831165262184002,1.3482091089835594e-05,,,0.0064697265625,0.00732421875,0.00439453125,1.56e-06
ibm_fez,2025-11-20_11:56:07,9.370541765198957e-05,8.866506033505122e-05,,,0.0072021484375,0.010009765625,0.00439453125,1.56e-06
ibm_fez,2025-11-20_11:56:07,8.688251124574978e-05,0.00010652434622160969,,,0.0068359375,0.013427734375,0.000244140625,1.56e-06
ibm_fez,2025-11-20_11:56:07,5.893621308940863e-05,5.047663178490743e-06,,,0.042236328125,0.049072265625,0.035400390625,1.56e-06
ibm_fez,2025-11-20_11:56:07,8.172723582475577e-05,6.4127213773352704e-06,,,0.0086669921875,0.015380859375,0.001953125,1.56e-06
ibm_fez,2025-11-20_11:56:07,0.00011924685842274805,0.00014413153871102642,,,0.01708984375,0.026611328125,0.007568359375,1.56e-06
ibm_fez,2025-11-20_11:56:07,7.36658338315046e-05,9.317887962856486e-05,,,0.010009765625,0.017822265625,0.002197265625,1.56e-06
ibm_fez,2025-11-20_11:56:07,0.00012015603178968888,5.3030888240609786e-05,,,0.0093994140625,0.01318359375,0.005615234375,1.56e-06
ibm_fez,2025-11-20_11:56:07,5.302936707194684e-05,6.813203329817648e-05,,,0.0081787109375,0.00830078125,0.008056640625,1.56e-06
ibm_fez,2025-11-20_11:56:07,0.00015238986360502469,1.4481783625684789e-05,,,0.01025390625,0.01318359375,0.00732421875,1.56e-06
ibm_torino,2025-11-20_11:56:07,0.00016690421728350003,0.00024163343624602546,,,0.130859375,0.166015625,0.095703125,1.56e-06
ibm_torino,2025-11-20_11:56:07,0.00020650377148113963,0.00013397901656885254,,,0.052734375,0.0361328125,0.0693359375,1.56e-06
ibm_torino,2025-11-20_11:56:07,0.00011976541759989385,0.0001689511179946181,,,0.049560546875,0.08203125,0.01708984375,1.56e-06
ibm_torino,2025-11-20_11:56:07,0.00022446616478132437,0.00017761441144246637,,,0.011962890625,0.01513671875,0.0087890625,1.56e-06
ibm_torino,2025-11-20_11:56:07,0.00017404551629112542,5.4180469418073016e-05,,,0.039794921875,0.05419921875,0.025390625,1.56e-06
ibm_torino,2025-11-20_11:56:07,0.0002180864623394354,0.0002292330531874561,,,0.02099609375,0.01318359375,0.02880859375,1.56e-06
ibm_torino,2025-11-20_11:56:07,4.726322594872016e-05,8.600006221026396e-05,,,0.01220703125,0.021484375,0.0029296875,1.56e-06
ibm_torino,2025-11-20_11:56:07,0.00030833036762950843,0.00017204847965738158,,,0.08349609375,0.05517578125,0.11181640625,1.56e-06
ibm_torino,2025-11-20_11:56:07,0.00020013265564532438,0.00023036657512940612,,,0.0556640625,0.044921875,0.06640625,1.56e-06
ibm_torino,2025-11-20_11:56:07,4.791232502206339e-05,6.0602717492141905e-05,,,0.0166015625,0.033203125,0,1.56e-06
ibm_torino,2025-11-20_11:56:07,0.00024666774655369853,0.000254026869119581,,,0.057373046875,0.0615234375,0.05322265625,1.56e-06
ibm_torino,2025-11-20_11:56:07,0.00011301387992666052,0.0001638381876050556,,,0.006103515625,0.009765625,0.00244140625,1.56e-06
ibm_torino,2025-11-20_11:56:07,0.0003777182127768054,0.00036988435657104446,,,0.02001953125,0.01953125,0.0205078125,1.56e-06
ibm_torino,2025-11-20_11:56:07,0.00025791073764644493,0.00020925198963955683,,,0.025390625,0.0234375,0.02734375,1.56e-06
ibm_torino,2025-11-20_11:56:07,0.000280539439220753,0.00014456239259422041,,,0.0205078125,0.01708984375,0.02392578125,1.56e-06
ibm_torino,2025-11-20_11:56:07,0.00014663700670344235,3.877979702008829e-05,,,0.01416015625,0.02783203125,0.00048828125,1.56e-06
ibm_torino,2025-11-20_11:56:07,0.00014953741362254915,0.0001537056577296769,,,0.02294921875,0.017578125,0.0283203125,1.56e-06
ibm_torino,2025-11-20_11:56:07,0.00015456294855573156,9.953214495284958e-05,,,0.01025390625,0.0185546875,0.001953125,1.56e-06
ibm_torino,2025-11-20_11:56:07,0.00018323441339087776,0.00016374483269420686,,,0.005126953125,0.00537109375,0.0048828125,1.56e-06
ibm_torino,2025-11-20_11:56:07,0.000135261951193801,0.0002169114912471045,,,0.045166015625,0.07275390625,0.017578125,1.56e-06
ibm_torino,2025-11-20_11:56:07,0.00016962941975365208,7.172518303737261e-05,,,0.0107421875,0.0166015625,0.0048828125,1.56e-06
ibm_torino,2025-11-20_11:56:07,6.239105907519278e-05,1.9536274607100782e-05,,,0.053466796875,0.0810546875,0.02587890625,1.56e-06
ibm_torino,2025-11-20_11:56:07,6.119907062649326e-05,7.920925250021966e-05,,,0.032470703125,0.04345703125,0.021484375,1.56e-06
ibm_torino,2025-11-20_11:56:07,0.0001856198711201745,0.00022515423499861432,,,0.035400390625,0.029296875,0.04150390625,1.56e-06
ibm_torino,2025-11-20_11:56:07,0.0001277237071100302,0.00015577951331664623,,,0.025634765625,0.0185546875,0.03271484375,1.56e-06
ibm_torino,2025-11-20_11:56:07,0.00024250064629544106,0.0002461083471343327,,,0.086669921875,0.0927734375,0.08056640625,1.56e-06
ibm_torino,2025-11-20_11:56:07,5.631070674547998e-06,1.1440021013961142e-05,,,0.0419921875,0.04248046875,0.04150390625,1.56e-06
ibm_torino,2025-11-20_11:56:07,0.000190325769524507,0.00012522993528624635,,,0.0439453125,0.03759765625,0.05029296875,1.56e-06
ibm_torino,2025-11-20_11:56:07,0.00017946872710073036,0.00012211379248275805,,,0.005859375,0.00634765625,0.00537109375,1.56e-06
ibm_torino,2025-11-20_11:56:07,0.00016875948305121027,0.00013488959052424028,,,0.0078125,0.0087890625,0.0068359375,1.56e-06
ibm_torino,2025-11-20_11:56:07,9.543694886758384e-05,8.916919301572355e-05,,,0.009033203125,0.01123046875,0.0068359375,1.56e-06
ibm_torino,2025-11-20_11:56:07,0.00027550759342985065,0.00012763546225944103,,,0.03955078125,0.03369140625,0.04541015625,1.56e-06
ibm_torino,2025-11-20_11:56:07,0.000210562929013351,0.00014534164546696926,,,0.017822265625,0.0234375,0.01220703125,1.56e-06
ibm_torino,2025-11-20_11:56:07,0.0002372438691951171,7.437854723460916e-05,,,0.0400390625,0.0302734375,0.0498046875,1.56e-06
ibm_torino,2025-11-20_11:56:07,0.0001443946628970846,0.00011807639503450077,,,0.0380859375,0.02783203125,0.04833984375,1.56e-06
ibm_torino,2025-11-20_11:56:07,0.00010541422274637526,8.030831527631724e-05,,,0.013427734375,0.01025390625,0.0166015625,1.56e-06
ibm_torino,2025-11-20_11:56:07,0.0001059379087542134,0.00014809668785216505,,,0.007080078125,0.0126953125,0.00146484375,1.56e-06
ibm_torino,2025-11-20_11:56:07,0.00015211004918089265,9.558514697995027e-05,,,0.010009765625,0.02001953125,0,1.56e-06
ibm_torino,2025-11-20_11:56:07,0.00020571311188412688,0.00014612359795180773,,,0.17236328125,0.2783203125,0.06640625,1.56e-06
ibm_torino,2025-11-20_11:56:07,0.00016152883335260017,0.00017657177222508768,,,0.036376953125,0.02783203125,0.044921875,1.56e-06
ibm_torino,2025-11-20_11:56:07,0.00013123845761328702,0.00016400848068177218,,,0.014404296875,0.01953125,0.00927734375,1.56e-06
ibm_torino,2025-11-20_11:56:07,6.168000817414278e-05,5.825057965828797e-05,,,0.069091796875,0.126953125,0.01123046875,1.56e-06
ibm_torino,2025-11-20_11:56:07,0.0002639642436948966,0.00023009067883007517,,,0.174072265625,0.21435546875,0.1337890625,1.56e-06
ibm_torino,2025-11-20_11:56:07,7.60917073528561e-05,7.254462238161303e-05,,,0.008056640625,0.01318359375,0.0029296875,1.56e-06
ibm_torino,2025-11-20_11:56:07,0.00019137707072942582,0.0001839298001456037,,,0.0439453125,0.025390625,0.0625,1.56e-06
ibm_torino,2025-11-20_11:56:07,5.1594391655484365e-05,6.397792684250863e-05,,,0.0078125,0.0126953125,0.0029296875,1.56e-06
ibm_torino,2025-11-20_11:56:07,0.00016837596334080666,0.00017693804536287922,,,0.028076171875,0.0322265625,0.02392578125,1.56e-06
ibm_torino,2025-11-20_11:56:07,0.00020643414584710945,5.492752662925433e-05,,,0.016357421875,0.02783203125,0.0048828125,1.56e-06
ibm_torino,2025-11-20_11:56:07,0.000192041418256812,0.00026856897966527144,,,0.042724609375,0.0361328125,0.04931640625,1.56e-06
ibm_torino,2025-11-20_11:56:07,0.00017475042129938196,0.00011989372831813872,,,0.015625,0.013671875,0.017578125,1.56e-06
ibm_torino,2025-11-20_11:56:07,0.00021328037960873086,0.0002458602508505584,,,0.05810546875,0.08056640625,0.03564453125,1.56e-06
ibm_torino,2025-11-20_11:56:07,0.0001654616948804501,0.0001258694807291314,,,0.005859375,0.00634765625,0.00537109375,1.56e-06
ibm_torino,2025-11-20_11:56:07,0.00018500853373996576,0.00023170547232078076,,,0.021484375,0.0126953125,0.0302734375,1.56e-06
ibm_torino,2025-11-20_11:56:07,2.2368561299607725e-05,6.241300371354171e-05,,,0.43896484375,0.7109375,0.1669921875,1.56e-06
ibm_torino,2025-11-20_11:56:07,0.00017569361810547806,0.00014731668254612732,,,0.008056640625,0.01220703125,0.00390625,1.56e-06
ibm_torino,2025-11-20_11:56:07,0.0001654382216828191,0.0001294352575065545,,,0.006591796875,0.009765625,0.00341796875,1.56e-06
ibm_torino,2025-11-20_11:56:07,0.0002196160192757201,0.00017797320928787297,,,0.0087890625,0.0087890625,0.0087890625,1.56e-06
ibm_torino,2025-11-20_11:56:07,0.00015985772677904587,0.00020823055934280556,,,0.02392578125,0.01171875,0.0361328125,1.56e-06
ibm_torino,2025-11-20_11:56:07,0.0001465055483871264,0.00015228544402742493,,,0.01806640625,0.01416015625,0.02197265625,1.56e-06
ibm_torino,2025-11-20_11:56:07,0.00020708295494729632,0.00015080475905496113,,,0.03955078125,0.05810546875,0.02099609375,1.56e-06
ibm_torino,2025-11-20_11:56:07,0.00015332155685123149,0.00017160859913667003,,,0.005615234375,0.0068359375,0.00439453125,1.56e-06
ibm_torino,2025-11-20_11:56:07,0.00022460866009311854,0.00023981501819959121,,,0.010498046875,0.013671875,0.00732421875,1.56e-06
ibm_torino,2025-11-20_11:56:07,0.00011409838725490992,6.844479183065843e-05,,,0.01513671875,0.01806640625,0.01220703125,1.56e-06
ibm_torino,2025-11-20_11:56:07,0.0002692734775587055,0.00014302000977632333,,,0.041015625,0.06201171875,0.02001953125,1.56e-06
ibm_torino,2025-11-20_11:56:07,0.0002492034194569786,0.00013861282838567693,,,0.069091796875,0.068359375,0.06982421875,1.56e-06
ibm_torino,2025-11-20_11:56:07,0.00017401656112983198,0.00019136412734674875,,,0.01318359375,0.02197265625,0.00439453125,1.56e-06
ibm_torino,2025-11-20_11:56:07,0.00022587754839542933,0.0002028371822109381,,,0.0048828125,0.00634765625,0.00341796875,1.56e-06
ibm_torino,2025-11-20_11:56:07,0.00015990314988487326,0.0001379627706572101,,,0.15380859375,0.294921875,0.0126953125,1.56e-06
ibm_torino,2025-11-20_11:56:07,0.000172329514682982,7.437365192745037e-05,,,0.006591796875,0.0078125,0.00537109375,1.56e-06
ibm_torino,2025-11-20_11:56:07,0.0001448907805569425,6.398227355641333e-05,,,0.030029296875,0.04541015625,0.0146484375,1.56e-06
ibm_torino,2025-11-20_11:56:07,8.628721174718067e-05,4.1250868298641104e-05,,,0.046875,0.02685546875,0.06689453125,1.56e-06
ibm_torino,2025-11-20_11:56:07,0.00018503541703321984,4.461073568865576e-05,,,0.035400390625,0.04833984375,0.0224609375,1.56e-06
ibm_torino,2025-11-20_11:56:07,0.00011033313172999582,6.756520607839863e-05,,,0.007080078125,0.00634765625,0.0078125,1.56e-06
ibm_torino,2025-11-20_11:56:07,0.00022099944597494042,0.00010492371698920191,,,0.01806640625,0.015625,0.0205078125,1.56e-06
ibm_torino,2025-11-20_11:56:07,0.0002326976372676341,0.00013536605817762926,,,0.013671875,0.01513671875,0.01220703125,1.56e-06
ibm_torino,2025-11-20_11:56:07,0.0002734802835093414,0.00014682765376006392,,,0.009765625,0.00732421875,0.01220703125,1.56e-06
ibm_torino,2025-11-20_11:56:07,0.00034188580359369755,0.0002531151907002743,,,0.107177734375,0.02587890625,0.1884765625,1.56e-06
ibm_torino,2025-11-20_11:56:07,0.00023119043586195738,0.00017746726276903488,,,0.025634765625,0.0283203125,0.02294921875,1.56e-06
ibm_torino,2025-11-20_11:56:07,0.00010704476886376442,0.00011304749705037101,,,0.04150390625,0.05615234375,0.02685546875,1.56e-06
ibm_torino,2025-11-20_11:56:07,7.927905595406698e-05,9.185571439908806e-05,,,0.0341796875,0.06787109375,0.00048828125,1.56e-06
ibm_torino,2025-11-20_11:56:07,0.00017169649529480622,3.0382776262726497e-05,,,0.024169921875,0.0244140625,0.02392578125,1.56e-06
ibm_torino,2025-11-20_11:56:07,0.00020896678405280978,0.00018923188182071572,,,0.00830078125,0.00830078125,0.00830078125,1.56e-06
ibm_torino,2025-11-20_11:56:07,0.0001800755761543252,0.0001227669086321394,,,0.0703125,0.08349609375,0.05712890625,1.56e-06
ibm_torino,2025-11-20_11:56:07,0.0001100739248457666,7.666612538674974e-05,,,0.017822265625,0.01220703125,0.0234375,1.56e-06
ibm_torino,2025-11-20_11:56:07,0.00025468652188049797,0.00013370640463051923,,,0.06396484375,0.08642578125,0.04150390625,1.56e-06
ibm_torino,2025-11-20_11:56:07,3.0714057594339453e-06,6.946106234473189e-06,,,0.0380859375,0.05859375,0.017578125,1.56e-06
ibm_torino,2025-11-20_11:56:07,0.0002726255553235309,0.00011940711133656704,,,0.197021484375,0.361328125,0.03271484375,1.56e-06
ibm_torino,2025-11-20_11:56:07,0.00015814635304273734,0.00012223991484245242,,,0.00341796875,0.00439453125,0.00244140625,1.56e-06
ibm_torino,2025-11-20_11:56:07,0.00023060378197463052,0.000289402924355424,,,0.136474609375,0.14404296875,0.12890625,1.56e-06
ibm_torino,2025-11-20_11:56:07,0.00018625810590048398,0.00017505436940053152,,,0.067626953125,0.056640625,0.07861328125,1.56e-06
ibm_torino,2025-11-20_11:56:07,0.00022696522149214654,0.0002879361859734564,,,0.0224609375,0.01171875,0.033203125,1.56e-06
ibm_torino,2025-11-20_11:56:07,0.0002000106607633206,0.00010886691249429761,,,0.0185546875,0.01318359375,0.02392578125,1.56e-06
ibm_torino,2025-11-20_11:56:07,0.0002441423412688159,0.0001875743719864454,,,0.007080078125,0.00537109375,0.0087890625,1.56e-06
ibm_torino,2025-11-20_11:56:07,0.00021559378836961298,0.00015605464184839158,,,0.007568359375,0.00341796875,0.01171875,1.56e-06
ibm_torino,2025-11-20_11:56:07,0.00023878233397512906,0.00023051778971206656,,,0.017333984375,0.01171875,0.02294921875,1.56e-06
ibm_torino,2025-11-20_11:56:07,5.062806900846447e-05,6.465807537839502e-05,,,0.0107421875,0.01220703125,0.00927734375,1.56e-06
ibm_torino,2025-11-20_11:56:07,0.00011898006035987248,0.0001262829889915362,,,0.012939453125,0.01806640625,0.0078125,1.56e-06
ibm_torino,2025-11-20_11:56:07,0.0001068604197384294,9.756467169697837e-05,,,0.11962890625,0.08984375,0.1494140625,1.56e-06
ibm_torino,2025-11-20_11:56:07,0.0001846586043320571,7.800726681913784e-05,,,0.017822265625,0.0283203125,0.00732421875,1.56e-06
ibm_torino,2025-11-20_11:56:07,0.00016582284424264385,8.901191581324993e-05,,,0.026123046875,0.02880859375,0.0234375,1.56e-06
ibm_torino,2025-11-20_11:56:07,0.00011163125610417545,0.0001284140552427979,,,0.05322265625,0.0615234375,0.044921875,1.56e-06
ibm_torino,2025-11-20_11:56:07,0.0001843491985309946,0.00010040192645949757,,,0.054931640625,0.0771484375,0.03271484375,1.56e-06
ibm_torino,2025-11-20_11:56:07,0.00022690809663204783,3.865962214818389e-05,,,0.008544921875,0.01025390625,0.0068359375,1.56e-06
ibm_torino,2025-11-20_11:56:07,0.00022765018404406447,8.596116526298977e-05,,,0.021484375,0.03125,0.01171875,1.56e-06
ibm_torino,2025-11-20_11:56:07,6.898144106546014e-05,7.87765769784991e-05,,,0.03076171875,0.05029296875,0.01123046875,1.56e-06
ibm_torino,2025-11-20_11:56:07,0.0001224751250914377,5.330877756765508e-05,,,0.066162109375,0.08349609375,0.048828125,1.56e-06
ibm_torino,2025-11-20_11:56:07,0.00014878359517189006,0.0001403341375264084,,,0.106689453125,0.12841796875,0.0849609375,1.56e-06
ibm_torino,2025-11-20_11:56:07,0.00022739782905028912,0.00023657223611261215,,,0.020263671875,0.02099609375,0.01953125,1.56e-06
ibm_torino,2025-11-20_11:56:07,5.389200321494787e-05,8.583234394912896e-05,,,0.014404296875,0.00927734375,0.01953125,1.56e-06
ibm_torino,2025-11-20_11:56:07,0.0002381156902666422,0.0002717190197461006,,,0.041259765625,0.0390625,0.04345703125,1.56e-06
ibm_torino,2025-11-20_11:56:07,0.00022558189742779604,0.0001607295206593071,,,0.008056640625,0.00830078125,0.0078125,1.56e-06
ibm_torino,2025-11-20_11:56:07,0.00021425433687175877,0.00012527748648877057,,,0.00634765625,0.005859375,0.0068359375,1.56e-06
ibm_torino,2025-11-20_11:56:07,0.0003141580295273855,0.0002163538199096242,,,0.0078125,0.0078125,0.0078125,1.56e-06
ibm_torino,2025-11-20_11:56:07,0.00027259247374212305,0.00019940215289587394,,,0.03271484375,0.02490234375,0.04052734375,1.56e-06
ibm_torino,2025-11-20_11:56:07,0.00015883971138655562,0.00016325186568575848,,,0.022705078125,0.0107421875,0.03466796875,1.56e-06
ibm_torino,2025-11-20_11:56:07,9.347731655647224e-05,0.00010014655907427455,,,0.1162109375,0.095703125,0.13671875,1.56e-06
ibm_torino,2025-11-20_11:56:07,0.000224987505697424,0.00017716217273216567,,,0.037109375,0.03076171875,0.04345703125,1.56e-06
ibm_torino,2025-11-20_11:56:07,0.00011084259920027873,7.197286198404708e-05,,,0.006591796875,0.01318359375,0,1.56e-06
ibm_torino,2025-11-20_11:56:07,0.0002436129716946064,0.00024417974231286116,,,0.08935546875,0.08544921875,0.09326171875,1.56e-06
ibm_torino,2025-11-20_11:56:07,0.0001271770192230929,0.00012317089538656543,,,0.024658203125,0.0234375,0.02587890625,1.56e-06
ibm_torino,2025-11-20_11:56:07,0.00015141213661589226,0.00012349328603323233,,,0.017578125,0.02587890625,0.00927734375,1.56e-06
ibm_torino,2025-11-20_11:56:07,0.0001756847854099036,0.00014340894431637307,,,0.03076171875,0.01708984375,0.04443359375,1.56e-06
ibm_torino,2025-11-20_11:56:07,0.0002280339694746768,0.00013587050788534471,,,0.0478515625,0.0498046875,0.0458984375,1.56e-06
ibm_torino,2025-11-20_11:56:07,4.8548973850320335e-05,4.171381676131157e-05,,,0.0234375,0.04150390625,0.00537109375,1.56e-06
ibm_torino,2025-11-20_11:56:07,0.00014595352931042835,0.00010313992208406552,,,0.087890625,0.10107421875,0.07470703125,1.56e-06
ibm_torino,2025-11-20_11:56:07,0.00017505508507331905,0.00013059703576628607,,,0.00537109375,0.00732421875,0.00341796875,1.56e-06
ibm_torino,2025-11-20_11:56:07,0.00013129176321314783,0.00012173690976911742,,,0.105712890625,0.13427734375,0.0771484375,1.56e-06
ibm_torino,2025-11-20_11:56:07,0.00016262774477398447,0.00011412669449209794,,,0.147705078125,0.12890625,0.16650390625,1.56e-06
ibm_torino,2025-11-20_11:56:07,0.00034022831233952017,0.00013243139475681734,,,0.089111328125,0.099609375,0.07861328125,1.56e-06
ibm_torino,2025-11-20_11:56:07,0.00023561612400514344,0.00013966194584354467,,,0.035400390625,0.037109375,0.03369140625,1.56e-06
ibm_torino,2025-11-20_11:56:07,0.0003020266692842042,0.00025891017182951606,,,0.015625,0.0087890625,0.0224609375,1.56e-06
ibm_torino,2025-11-20_11:56:07,0.00023608183515029475,5.8639193856049586e-05,,,0.0078125,0.009765625,0.005859375,1.56e-06
ibm_torino,2025-11-20_11:56:07,0.00023588799576546298,0.00020743017037739496,,,0.01123046875,0.009765625,0.0126953125,1.56e-06
ibm_marrakesh,2025-11-20_11:56:08,0.00035089118507169846,0.00014416029805865588,,,0.0201416015625,0.035888671875,0.00439453125,2.584e-06
ibm_marrakesh,2025-11-20_11:56:08,0.00018789996957326355,0.00016884412629640283,,,0.0059814453125,0.010009765625,0.001953125,2.584e-06
ibm_marrakesh,2025-11-20_11:56:08,0.00035871279657957755,0.00048611285763560747,,,0.0020751953125,0.0029296875,0.001220703125,2.584e-06
ibm_marrakesh,2025-11-20_11:56:08,0.0003134297251311221,0.00031762050774690833,,,0.0045166015625,0.00537109375,0.003662109375,2.584e-06
ibm_marrakesh,2025-11-20_11:56:08,0.0001349001764774059,0.00011463544629577656,,,0.0159912109375,0.03173828125,0.000244140625,2.584e-06
ibm_marrakesh,2025-11-20_11:56:08,0.0002358343504654202,0.00011766092860709382,,,0.0054931640625,0.006591796875,0.00439453125,2.584e-06
ibm_marrakesh,2025-11-20_11:56:08,0.0002993209812557793,0.0001952328968573082,,,0.00537109375,0.007568359375,0.003173828125,2.584e-06
ibm_marrakesh,2025-11-20_11:56:08,0.00027572543857736,8.825854518346715e-05,,,0.007568359375,0.012451171875,0.002685546875,2.584e-06
ibm_marrakesh,2025-11-20_11:56:08,0.0003174321372251945,8.341436449489584e-05,,,0.0025634765625,0.004638671875,0.00048828125,2.584e-06
ibm_marrakesh,2025-11-20_11:56:08,0.00011057506523189231,8.451823484299332e-05,,,0.00634765625,0.00732421875,0.00537109375,2.584e-06
ibm_marrakesh,2025-11-20_11:56:08,0.00036089532711471115,0.00014996475859860634,,,0.00537109375,0.01123046875,0.002197265625,2.584e-06
ibm_marrakesh,2025-11-20_11:56:08,0.00035058456009831005,0.00013073032913029443,,,0.01318359375,0.021728515625,0.004638671875,2.584e-06
ibm_marrakesh,2025-11-20_11:56:08,0.0002844921602641793,0.00017213363497584896,,,0.0048828125,0.00537109375,0.00439453125,2.584e-06
ibm_marrakesh,2025-11-20_11:56:08,0.00021764207586646593,0.00019041319007103108,,,0.0264892578125,0.01806640625,0.034912109375,2.584e-06
ibm_marrakesh,2025-11-20_11:56:08,0.0002521919945320924,0.0001410436463364839,,,0.0032958984375,0.00634765625,0.000244140625,2.584e-06
ibm_marrakesh,2025-11-20_11:56:08,0.00014764703283010476,2.8440919142547506e-05,,,0.0042724609375,0.007568359375,0.0009765625,2.584e-06
ibm_marrakesh,2025-11-20_11:56:08,0.00011535696750496727,7.270431533931282e-05,,,0.0093994140625,0.017333984375,0.00146484375,2.584e-06
ibm_marrakesh,2025-11-20_11:56:08,0.00011424878998642446,9.940934040722028e-06,,,0.0084228515625,0.014892578125,0.001953125,2.584e-06
ibm_marrakesh,2025-11-20_11:56:08,0.00011026413650359219,8.770069754470146e-05,,,0.0067138671875,0.012451171875,0.0009765625,2.584e-06
ibm_marrakesh,2025-11-20_11:56:08,0.00016205838690931963,6.105155007430965e-05,,,0.00439453125,0.0078125,0.0009765625,2.584e-06
ibm_marrakesh,2025-11-20_11:56:08,8.127797707400845e-05,7.481698524162079e-05,,,0.0152587890625,0.0263671875,0.004150390625,2.584e-06
ibm_marrakesh,2025-11-20_11:56:08,0.00028911651415097767,0.00018060469763179476,,,0.009765625,0.008056640625,0.011474609375,2.584e-06
ibm_marrakesh,2025-11-20_11:56:08,9.727801926494057e-05,2.9925208165528467e-05,,,0.008056640625,0.01513671875,0.0009765625,2.584e-06
ibm_marrakesh,2025-11-20_11:56:08,0.0002360040905642947,0.0001566372647466433,,,0.0289306640625,0.025390625,0.032470703125,2.584e-06
ibm_marrakesh,2025-11-20_11:56:08,8.458858644789907e-05,2.478781066233088e-05,,,0.032470703125,0.064208984375,0.000732421875,2.584e-06
ibm_marrakesh,2025-11-20_11:56:08,0.00017093569276725867,3.7393525145566903e-05,,,0.01123046875,0.016357421875,0.006103515625,2.584e-06
ibm_marrakesh,2025-11-20_11:56:08,7.305211597252667e-06,9.525960424279288e-06,,,0.0465087890625,0.08740234375,0.005615234375,2.584e-06
ibm_marrakesh,2025-11-20_11:56:08,0.00016031300582700756,0.0001001023928959661,,,0.007080078125,0.0322265625,0.005859375,2.584e-06
ibm_marrakesh,2025-11-20_11:56:08,0.00022325409166203103,0.0001197743703094748,,,0.012939453125,0.02099609375,0.0048828125,2.584e-06
ibm_marrakesh,2025-11-20_11:56:08,4.004316777775695e-05,4.189315026539076e-05,,,0.0516357421875,0.1025390625,0.000732421875,2.584e-06
ibm_marrakesh,2025-11-20_11:56:08,0.00026939780208010453,6.985820102036234e-05,,,0.0054931640625,0.008544921875,0.00244140625,2.584e-06
ibm_marrakesh,2025-11-20_11:56:08,0.00013637107182378283,5.252128945428988e-05,,,0.0091552734375,0.01220703125,0.006103515625,2.584e-06
ibm_marrakesh,2025-11-20_11:56:08,0.00020549512035432715,2.9047392044506883e-05,,,0.0057373046875,0.0068359375,0.004638671875,2.584e-06
ibm_marrakesh,2025-11-20_11:56:08,0.00015179208263304533,0.00016708305313617425,,,0.0072021484375,0.013671875,0.000732421875,2.584e-06
ibm_marrakesh,2025-11-20_11:56:08,0.00020795708033917576,0.0001794137145753324,,,0.0086669921875,0.0166015625,0.000732421875,2.584e-06
ibm_marrakesh,2025-11-20_11:56:08,0.0002469575932585443,0.00030104956180059976,,,0.0225830078125,0.03955078125,0.005615234375,2.584e-06
ibm_marrakesh,2025-11-20_11:56:08,0.00013645947691622297,0.00011223490269121303,,,0.00927734375,0.017822265625,0.000732421875,2.584e-06
ibm_marrakesh,2025-11-20_11:56:08,0.00018555651723496848,1.6714218494941527e-05,,,0.0255126953125,0.0283203125,0.022705078125,2.584e-06
ibm_marrakesh,2025-11-20_11:56:08,9.19884670120245e-05,3.7446274346931e-05,,,0.0072021484375,0.011962890625,0.00244140625,2.584e-06
ibm_marrakesh,2025-11-20_11:56:08,0.00016943486039722378,5.860546647685099e-05,,,0.0096435546875,0.0126953125,0.006591796875,2.584e-06
ibm_marrakesh,2025-11-20_11:56:08,0.00017442181971477318,9.831699547407974e-05,,,0.3006591796875,0.157958984375,0.443359375,2.584e-06
ibm_marrakesh,2025-11-20_11:56:08,0.00019435723261183627,3.471424475050765e-05,,,0.022705078125,0.025146484375,0.020263671875,2.584e-06
ibm_marrakesh,2025-11-20_11:56:08,5.1046391935784024e-05,3.831061633062474e-05,,,0.0074462890625,0.01025390625,0.004638671875,2.584e-06
ibm_marrakesh,2025-11-20_11:56:08,0.00028929472427594174,0.00011055162306759455,,,0.009521484375,0.016357421875,0.002685546875,2.584e-06
ibm_marrakesh,2025-11-20_11:56:08,0.0001693723555174525,0.00013594151355783742,,,0.0068359375,0.01220703125,0.0009765625,2.584e-06
ibm_marrakesh,2025-11-20_11:56:08,8.0877773734226e-05,7.307584809514046e-05,,,0.1064453125,0.208984375,0.00390625,2.584e-06
ibm_marrakesh,2025-11-20_11:56:08,0.0001810125365663836,7.510434528386285e-05,,,0.0115966796875,0.019775390625,0.00341796875,2.584e-06
ibm_marrakesh,2025-11-20_11:56:08,0.0002000369935291345,8.21759132555974e-05,,,0.0091552734375,0.0126953125,0.005615234375,2.584e-06
ibm_marrakesh,2025-11-20_11:56:08,0.00022082627615681267,0.00018914680329095254,,,0.0546875,0.08349609375,0.02587890625,2.584e-06
ibm_marrakesh,2025-11-20_11:56:08,0.00020735235320538974,0.00018897799565011222,,,0.0107421875,0.020263671875,0.001220703125,2.584e-06
ibm_marrakesh,2025-11-20_11:56:08,0.0002575015961270512,0.0002959312192312719,,,0.012939453125,0.021728515625,0.004150390625,2.584e-06
ibm_marrakesh,2025-11-20_11:56:08,0.00019373013579235433,0.0002915768991507247,,,0.050048828125,0.053466796875,0.046630859375,2.584e-06
ibm_marrakesh,2025-11-20_11:56:08,0.00018710321938431983,0.00019500704058526635,,,0.010498046875,0.014892578125,0.006103515625,2.584e-06
ibm_marrakesh,2025-11-20_11:56:08,0.00026769498290144406,0.0003238707161941222,,,0.010009765625,0.01123046875,0.0087890625,2.584e-06
ibm_marrakesh,2025-11-20_11:56:08,0.0002845844400927602,0.00028787700732703104,,,0.0040283203125,0.00537109375,0.002685546875,2.584e-06
ibm_marrakesh,2025-11-20_11:56:08,0.00022942914412851103,7.482960518457285e-05,,,0.0145263671875,0.01708984375,0.011962890625,2.584e-06
ibm_marrakesh,2025-11-20_11:56:08,0.00030994040698400203,0.00010828803320660725,,,0.006103515625,0.010498046875,0.001708984375,2.584e-06
ibm_marrakesh,2025-11-20_11:56:08,0.0003047723750783469,0.00016811676246444992,,,0.0111083984375,0.019287109375,0.0029296875,2.584e-06
ibm_marrakesh,2025-11-20_11:56:08,0.00017382683853592489,0.00019628150315826134,,,0.1553955078125,0.20068359375,0.110107421875,2.584e-06
ibm_marrakesh,2025-11-20_11:56:08,0.00016359655800201415,0.00012348914285781695,,,0.013671875,0.023681640625,0.003662109375,2.584e-06
ibm_marrakesh,2025-11-20_11:56:08,0.00017336727690075442,0.0001754111147913524,,,0.0262451171875,0.02392578125,0.028564453125,2.584e-06
ibm_marrakesh,2025-11-20_11:56:08,0.00032231004296021034,0.00024042759566329696,,,0.009033203125,0.01611328125,0.005126953125,2.584e-06
ibm_marrakesh,2025-11-20_11:56:08,0.0001114820994321349,6.291060757960903e-05,,,0.0123291015625,0.02001953125,0.004638671875,2.584e-06
ibm_marrakesh,2025-11-20_11:56:08,0.00015739758545007176,0.00017026168656239429,,,0.4713134765625,0.031982421875,0.91064453125,2.584e-06
ibm_marrakesh,2025-11-20_11:56:08,0.0001908014880373852,6.551629672249484e-05,,,0.0072021484375,0.01220703125,0.002197265625,2.584e-06
ibm_marrakesh,2025-11-20_11:56:08,0.00029301199908771114,8.551570953408708e-05,,,0.02880859375,0.049072265625,0.008544921875,2.584e-06
ibm_marrakesh,2025-11-20_11:56:08,0.00013583096035166885,0.00011401342377966901,,,0.0072021484375,0.013671875,0.000732421875,2.584e-06
ibm_marrakesh,2025-11-20_11:56:08,0.00016047030636724626,7.239657194015886e-05,,,0.0333251953125,0.05859375,0.008056640625,2.584e-06
ibm_marrakesh,2025-11-20_11:56:08,0.00010687605331049613,3.713010689632378e-05,,,0.0052490234375,0.01025390625,0.000244140625,2.584e-06
ibm_marrakesh,2025-11-20_11:56:08,0.00012724852249517682,1.5279937118148804e-05,,,0.0247802734375,0.031982421875,0.017578125,2.584e-06
ibm_marrakesh,2025-11-20_11:56:08,0.00013305480152475606,2.441555813538214e-05,,,0.0338134765625,0.037841796875,0.02978515625,2.584e-06
ibm_marrakesh,2025-11-20_11:56:08,0.00015240975229037043,0.00023452567699912746,,,0.0050048828125,0.0087890625,0.001220703125,2.584e-06
ibm_marrakesh,2025-11-20_11:56:08,0.00014790977600362502,7.027286068322497e-05,,,0.01318359375,0.025390625,0.0009765625,2.584e-06
ibm_marrakesh,2025-11-20_11:56:08,0.00012842089700719012,0.00012328444909903499,,,0.0223388671875,0.025634765625,0.01904296875,2.584e-06
ibm_marrakesh,2025-11-20_11:56:08,0.00015941669494264616,1.4714014441042105e-05,,,0.0250244140625,0.027587890625,0.0224609375,2.584e-06
ibm_marrakesh,2025-11-20_11:56:08,0.0002591088867412739,0.0003688236368216346,,,0.0064697265625,0.011474609375,0.00146484375,2.584e-06
ibm_marrakesh,2025-11-20_11:56:08,0.00013715705863347514,5.233591317523377e-05,,,0.0106201171875,0.01806640625,0.003173828125,2.584e-06
ibm_marrakesh,2025-11-20_11:56:08,0.00022676270686883577,0.00015649328582983572,,,0.010009765625,0.017333984375,0.002685546875,2.584e-06
ibm_marrakesh,2025-11-20_11:56:08,8.089859590495339e-05,4.707167951988024e-05,,,0.0074462890625,0.03759765625,0.0048828125,2.584e-06
ibm_marrakesh,2025-11-20_11:56:08,0.00012683355067445926,4.047733681633088e-05,,,0.105712890625,0.094482421875,0.116943359375,2.584e-06
ibm_marrakesh,2025-11-20_11:56:08,0.00015422028922420396,2.8428783316478904e-05,,,0.0224609375,0.037841796875,0.007080078125,2.584e-06
ibm_marrakesh,2025-11-20_11:56:08,0.0002380851036999542,0.00021832814890932405,,,0.0369873046875,0.07177734375,0.002197265625,2.584e-06
ibm_marrakesh,2025-11-20_11:56:08,1.0034489956174083e-05,1.5188323492435231e-05,,,0.2635498046875,0.44091796875,0.086181640625,2.584e-06
ibm_marrakesh,2025-11-20_11:56:08,0.0002022033267907687,0.0002031763407277501,,,0.106689453125,0.16015625,0.05322265625,2.584e-06
ibm_marrakesh,2025-11-20_11:56:08,0.00021088546750776642,0.00016557137662352435,,,0.0125732421875,0.0234375,0.001708984375,2.584e-06
ibm_marrakesh,2025-11-20_11:56:08,9.491890464886541e-05,4.526058811101413e-05,,,0.01171875,0.021484375,0.001953125,2.584e-06
ibm_marrakesh,2025-11-20_11:56:08,0.00029671289288799615,7.220413217830011e-05,,,0.0050048828125,0.008544921875,0.00146484375,2.584e-06
ibm_marrakesh,2025-11-20_11:56:08,0.00020386657008503222,0.00016355959939542283,,,0.0079345703125,0.014892578125,0.0009765625,2.584e-06
ibm_marrakesh,2025-11-20_11:56:08,0.0001919797207544817,0.000147054189908672,,,0.019775390625,0.02587890625,0.013671875,2.584e-06
ibm_marrakesh,2025-11-20_11:56:08,0.0003041347195969244,0.00031735968167415806,,,0.0137939453125,0.02490234375,0.002685546875,2.584e-06
ibm_marrakesh,2025-11-20_11:56:08,6.88964562206845e-05,9.426821014758094e-05,,,0.0767822265625,0.126953125,0.026611328125,2.584e-06
ibm_marrakesh,2025-11-20_11:56:08,6.30505518757309e-05,7.24110648728859e-05,,,0.0233154296875,0.018798828125,0.02783203125,2.584e-06
ibm_marrakesh,2025-11-20_11:56:08,0.00023078386879918185,0.00024517007349909354,,,0.0052490234375,0.008544921875,0.001953125,2.584e-06
ibm_marrakesh,2025-11-20_11:56:08,0.00031669625458187977,0.00027173159319178095,,,0.0035400390625,0.00537109375,0.001708984375,2.584e-06
ibm_marrakesh,2025-11-20_11:56:08,0.000334416915497585,0.0002029726411702582,,,0.0028076171875,0.00439453125,0.001220703125,2.584e-06
ibm_marrakesh,2025-11-20_11:56:08,0.00021752310034978614,0.0004028428694302428,,,0.0091552734375,0.005859375,0.00634765625,2.584e-06
ibm_marrakesh,2025-11-20_11:56:08,0.00010668161628202521,7.024012250284706e-05,,,0.03955078125,0.046630859375,0.032470703125,2.584e-06
ibm_marrakesh,2025-11-20_11:56:08,0.00011177333518985339,4.117314125122745e-05,,,0.0072021484375,0.008544921875,0.005859375,2.584e-06
ibm_marrakesh,2025-11-20_11:56:08,0.00022908862984981533,2.927938317176364e-05,,,0.00537109375,0.009521484375,0.001220703125,2.584e-06
ibm_marrakesh,2025-11-20_11:56:08,0.0001325171216204128,6.539431258682322e-05,,,0.00927734375,0.015380859375,0.003173828125,2.584e-06
ibm_marrakesh,2025-11-20_11:56:08,8.091897052755092e-05,3.0841364672605744e-05,,,0.010009765625,0.015625,0.00439453125,2.584e-06
ibm_marrakesh,2025-11-20_11:56:08,0.00022177059150178463,6.718157966304352e-05,,,0.0101318359375,0.019287109375,0.0009765625,2.584e-06
ibm_marrakesh,2025-11-20_11:56:08,9.864630561070775e-05,8.380114707594185e-05,,,0.017333984375,0.031494140625,0.003173828125,2.584e-06
ibm_marrakesh,2025-11-20_11:56:08,8.974564510145065e-05,4.587463300377499e-05,,,0.0057373046875,0.009765625,0.001708984375,2.584e-06
ibm_marrakesh,2025-11-20_11:56:08,0.0003553763761049738,2.5399517437062664e-05,,,0.009521484375,0.013671875,0.00537109375,2.584e-06
ibm_marrakesh,2025-11-20_11:56:08,0.00012133183738348887,9.320789187811267e-05,,,0.0096435546875,0.017578125,0.001708984375,2.584e-06
ibm_marrakesh,2025-11-20_11:56:08,0.0003311896422041804,0.00024444982582850616,,,0.0140380859375,0.013916015625,0.01416015625,2.584e-06
ibm_marrakesh,2025-11-20_11:56:08,0.0003699122377279773,0.0003089457419585822,,,0.0076904296875,0.01123046875,0.004150390625,2.584e-06
ibm_marrakesh,2025-11-20_11:56:08,2.7155461915097684e-05,4.180450854702057e-05,,,0.1290283203125,0.257568359375,0.00048828125,2.584e-06
ibm_marrakesh,2025-11-20_11:56:08,0.0003187341408027197,0.00010763994415348375,,,0.0047607421875,0.006591796875,0.0029296875,2.584e-06
ibm_marrakesh,2025-11-20_11:56:08,0.00024883042821103284,0.00022511337036277548,,,0.009765625,0.0107421875,0.0087890625,2.584e-06
ibm_marrakesh,2025-11-20_11:56:08,0.00018479580550877228,3.844108588180445e-05,,,0.0107421875,0.018798828125,0.002685546875,2.584e-06
ibm_marrakesh,2025-11-20_11:56:08,0.00030510599391763126,0.00020143351115035275,,,0.0057373046875,0.00537109375,0.002685546875,2.584e-06
ibm_marrakesh,2025-11-20_11:56:08,0.00017300765574150448,0.00012111110201074951,,,0.283203125,0.539794921875,0.026611328125,2.584e-06
ibm_marrakesh,2025-11-20_11:56:08,0.00012823703279992644,0.0001723063451092678,,,0.0029296875,0.004638671875,0.001220703125,2.584e-06
ibm_marrakesh,2025-11-20_11:56:08,0.0002214108445725148,8.165040783373478e-05,,,0.0062255859375,0.010986328125,0.00146484375,2.584e-06
ibm_marrakesh,2025-11-20_11:56:08,8.509900347904438e-05,2.5038356528564833e-05,,,0.0277099609375,0.026123046875,0.029296875,2.584e-06
ibm_marrakesh,2025-11-20_11:56:08,0.00023760785382955863,1.0240553156820479e-05,,,0.0283203125,0.025146484375,0.031494140625,2.584e-06
ibm_marrakesh,2025-11-20_11:56:08,0.0002125494530941379,7.167121337035979e-05,,,0.009033203125,0.013427734375,0.004638671875,2.584e-06
ibm_marrakesh,2025-11-20_11:56:08,0.0002517276776040969,7.56274732378708e-05,,,0.208984375,0.407958984375,0.010009765625,2.584e-06
ibm_marrakesh,2025-11-20_11:56:08,0.00019575498009705624,7.048904604149457e-05,,,0.0059814453125,0.01171875,0.000244140625,2.584e-06
ibm_marrakesh,2025-11-20_11:56:08,0.0002258119413609192,7.34964353176373e-05,,,0.0147705078125,0.025390625,0.004150390625,2.584e-06
ibm_marrakesh,2025-11-20_11:56:08,0.00018180117374354214,2.3620817211471576e-05,,,0.019775390625,0.03515625,0.00439453125,2.584e-06
ibm_marrakesh,2025-11-20_11:56:08,0.00021166010719806189,9.712834897409232e-05,,,0.0086669921875,0.013671875,0.003662109375,2.584e-06
ibm_marrakesh,2025-11-20_11:56:08,0.00014400270743509955,0.00014118041797776508,,,0.0062255859375,0.010986328125,0.00146484375,2.584e-06
ibm_marrakesh,2025-11-20_11:56:08,0.00021312759998222264,5.9906360758832637e-05,,,0.0101318359375,0.016357421875,0.00390625,2.584e-06
ibm_marrakesh,2025-11-20_11:56:08,0.0001069388523314423,1.8522144408486366e-05,,,0.0098876953125,0.017578125,0.002197265625,2.584e-06
ibm_marrakesh,2025-11-20_11:56:08,0.00027730106121749324,1.772315703201247e-05,,,0.0296630859375,0.041748046875,0.017578125,2.584e-06
ibm_marrakesh,2025-11-20_11:56:08,0.0003112349167810045,0.00037712327860474126,,,0.0078125,0.010986328125,0.004638671875,2.584e-06
ibm_marrakesh,2025-11-20_11:56:08,0.0002966094721009735,0.0003340504135735154,,,0.0050048828125,0.0146484375,0.001220703125,2.584e-06
ibm_marrakesh,2025-11-20_11:56:08,0.0003116460918671533,1.4150152027949567e-05,,,0.1697998046875,0.1298828125,0.209716796875,2.584e-06
ibm_marrakesh,2025-11-20_11:56:08,0.00017312217095112863,0.0001384283785966757,,,0.007080078125,0.009765625,0.00439453125,2.584e-06
ibm_marrakesh,2025-11-20_11:56:08,0.00036816734111030285,9.496836574023171e-05,,,0.0108642578125,0.02001953125,0.001708984375,2.584e-06
ibm_marrakesh,2025-11-20_11:56:08,0.0003318624871689272,0.00026674450811003286,,,0.0196533203125,0.035888671875,0.00341796875,2.584e-06
ibm_marrakesh,2025-11-20_11:56:08,0.0002555868876189011,0.00013476714066085123,,,0.005126953125,0.007568359375,0.002685546875,2.584e-06
ibm_marrakesh,2025-11-20_11:56:08,0.00036285441589752667,8.257969658806351e-05,,,0.0528564453125,0.03662109375,0.069091796875,2.584e-06
ibm_marrakesh,2025-11-20_11:56:08,0.0002530025498134167,0.0002000531261593671,,,0.00439453125,0.007080078125,0.001708984375,2.584e-06
ibm_marrakesh,2025-11-20_11:56:08,7.903971289053877e-05,6.834619782416743e-05,,,0.005126953125,0.00927734375,0.0009765625,2.584e-06
ibm_marrakesh,2025-11-20_11:56:08,0.0002559793049164544,9.099157419019455e-05,,,0.005126953125,0.007080078125,0.003173828125,2.584e-06
ibm_marrakesh,2025-11-20_11:56:08,0.00015725639948172042,0.00020894335568250435,,,0.005126953125,0.008544921875,0.001708984375,2.584e-06
ibm_marrakesh,2025-11-20_11:56:08,0.00036217173166818546,5.825444110047374e-05,,,0.012939453125,0.0224609375,0.00341796875,2.584e-06
ibm_marrakesh,2025-11-20_11:56:08,0.0003067683096459699,0.000261212180520474,,,0.01708984375,0.01171875,0.0224609375,2.584e-06
ibm_marrakesh,2025-11-20_11:56:08,0.0001875794605763269,0.0001708632409978694,,,0.0052490234375,0.00927734375,0.001220703125,2.584e-06
ibm_marrakesh,2025-11-20_11:56:08,0.0001683112668975231,5.791530871954902e-05,,,0.0059814453125,0.011962890625,0,2.584e-06
ibm_marrakesh,2025-11-20_11:56:08,7.162839955561423e-05,3.671936567306467e-05,,,0.00830078125,0.015869140625,0.000732421875,2.584e-06
ibm_marrakesh,2025-11-20_11:56:08,0.00016423385777398504,0.00016100692618512962,,,0.0294189453125,0.044189453125,0.0146484375,2.584e-06
ibm_marrakesh,2025-11-20_11:56:08,7.115546109783149e-05,3.59755406123771e-05,,,0.00439453125,0.02099609375,0.001708984375,2.584e-06
ibm_marrakesh,2025-11-20_11:56:08,0.00018564186511289458,7.008518415031788e-05,,,0.004638671875,0.008056640625,0.001220703125,2.584e-06
ibm_marrakesh,2025-11-20_11:56:08,0.00025865288914160464,0.00010806673694111225,,,0.0042724609375,0.00830078125,0.000244140625,2.584e-06
ibm_marrakesh,2025-11-20_11:56:08,0.00015370882858270057,9.385344879647085e-05,,,0.0052490234375,0.006103515625,0.00439453125,2.584e-06
ibm_marrakesh,2025-11-20_11:56:08,0.00016494052330451753,0.00011551366261808708,,,0.02001953125,0.03759765625,0.00244140625,2.584e-06
ibm_marrakesh,2025-11-20_11:56:08,0.0002009322068845053,7.458472356842648e-05,,,0.00732421875,0.014404296875,0.000244140625,2.584e-06
ibm_marrakesh,2025-11-20_11:56:08,0.00034355386307659866,0.00018255253897859458,,,0.0137939453125,0.015869140625,0.01171875,2.584e-06
ibm_marrakesh,2025-11-20_11:56:08,0.0001366747211770602,0.00017918195988655746,,,0.0032958984375,0.005615234375,0.0009765625,2.584e-06
ibm_marrakesh,2025-11-20_11:56:08,0.00028705092891463283,1.6311994066580407e-05,,,0.006591796875,0.01025390625,0.0029296875,2.584e-06
ibm_marrakesh,2025-11-20_11:56:08,0.0004301860114104501,0.00014617134472699942,,,0.0098876953125,0.008056640625,0.01171875,2.584e-06
