nom,time,T1,T2,frequency,anharmonicity,readout_error,prob_meas0_prep1,prob_meas1_prep0,readout_length
ibm_fez,2025-11-17_22:27:06,6.11726781704374e-05,4.9478465643944196e-05,,,0.01123046875,0.020263671875,0.002197265625,1.56e-06
ibm_fez,2025-11-17_22:27:06,0.00020243307748573044,0.0002541245580441267,,,0.022216796875,0.02734375,0.01708984375,1.56e-06
ibm_fez,2025-11-17_22:27:06,0.00026405858499549455,0.00015951121877386693,,,0.0052490234375,0.006103515625,0.00439453125,1.56e-06
ibm_fez,2025-11-17_22:27:06,0.0002283870683134928,0.00021785383297388825,,,0.0206298828125,0.0244140625,0.016845703125,1.56e-06
ibm_fez,2025-11-17_22:27:06,0.00019148690434386638,5.1044116664065095e-05,,,0.00390625,0.006103515625,0.001708984375,1.56e-06
ibm_fez,2025-11-17_22:27:06,0.00024258244091211398,0.00015991856471520051,,,0.006103515625,0.007568359375,0.004638671875,1.56e-06
ibm_fez,2025-11-17_22:27:06,0.00016526007585068307,6.427260529594292e-05,,,0.0096435546875,0.008056640625,0.01123046875,1.56e-06
ibm_fez,2025-11-17_22:27:06,0.0001374090141306411,3.7097175483920595e-05,,,0.0262451171875,0.037841796875,0.0146484375,1.56e-06
ibm_fez,2025-11-17_22:27:06,0.00014872550860535209,3.4088395646982586e-05,,,0.006103515625,0.008056640625,0.004150390625,1.56e-06
ibm_fez,2025-11-17_22:27:06,0.00029842000217086915,3.215782523338529e-05,,,0.01025390625,0.011474609375,0.009033203125,1.56e-06
ibm_fez,2025-11-17_22:27:06,0.00018586697011291364,0.00011198544801086597,,,0.00537109375,0.00439453125,0.00439453125,1.56e-06
ibm_fez,2025-11-17_22:27:06,0.00016722682823831292,8.706362350621121e-05,,,0.021240234375,0.0205078125,0.02197265625,1.56e-06
ibm_fez,2025-11-17_22:27:06,7.460092288960649e-05,7.158667393664796e-05,,,0.01904296875,0.024658203125,0.013427734375,1.56e-06
ibm_fez,2025-11-17_22:27:06,0.00032020632728665797,0.00016980458635428345,,,0.0347900390625,0.027099609375,0.04248046875,1.56e-06
ibm_fez,2025-11-17_22:27:06,0.0001944014903743475,6.781595862437709e-05,,,0.00732421875,0.00830078125,0.00634765625,1.56e-06
ibm_fez,2025-11-17_22:27:06,0.0002648186797176632,0.00017340010183389146,,,0.01611328125,0.023193359375,0.009033203125,1.56e-06
ibm_fez,2025-11-17_22:27:06,0.00021093044493975926,0.00016427766865054173,,,0.0040283203125,0.006591796875,0.00146484375,1.56e-06
ibm_fez,2025-11-17_22:27:06,9.680798057525757e-05,8.121040713017647e-05,,,0.005615234375,0.0078125,0.00341796875,1.56e-06
ibm_fez,2025-11-17_22:27:06,0.00012610514312354652,6.339427946880474e-05,,,0.0125732421875,0.0205078125,0.004638671875,1.56e-06
ibm_fez,2025-11-17_22:27:06,0.0002093948188394192,0.00017225595900966536,,,0.009033203125,0.0126953125,0.00537109375,1.56e-06
ibm_fez,2025-11-17_22:27:06,0.00015847506751448146,0.00015966012294251863,,,0.008056640625,0.010986328125,0.005126953125,1.56e-06
ibm_fez,2025-11-17_22:27:06,0.0002296659504835519,0.00018420187959194463,,,0.0081787109375,0.0126953125,0.003662109375,1.56e-06
ibm_fez,2025-11-17_22:27:06,0.00022173568747483198,0.000146558905465098,,,0.0068359375,0.0107421875,0.0029296875,1.56e-06
ibm_fez,2025-11-17_22:27:06,7.659899747779757e-05,9.203794292900639e-05,,,0.1044921875,0.199462890625,0.009521484375,1.56e-06
ibm_fez,2025-11-17_22:27:06,0.00013700797633233496,0.00016155632973271253,,,0.009033203125,0.010986328125,0.007080078125,1.56e-06
ibm_fez,2025-11-17_22:27:06,0.00013975556134112544,0.00011278618840370526,,,0.0089111328125,0.012451171875,0.00537109375,1.56e-06
ibm_fez,2025-11-17_22:27:06,0.00020858846302773475,0.00011368053833318765,,,0.009033203125,0.010498046875,0.007568359375,1.56e-06
ibm_fez,2025-11-17_22:27:06,0.00014396813867343047,0.00015546991984667969,,,0.00830078125,0.015625,0.001953125,1.56e-06
ibm_fez,2025-11-17_22:27:06,0.0001855651012295654,0.0001672239844256133,,,0.0057373046875,0.0087890625,0.002685546875,1.56e-06
ibm_fez,2025-11-17_22:27:06,0.00015701030525524062,4.790379273870423e-05,,,0.013916015625,0.0185546875,0.00927734375,1.56e-06
ibm_fez,2025-11-17_22:27:06,0.0001871804938645403,0.00012599112419491585,,,0.00927734375,0.009765625,0.0087890625,1.56e-06
ibm_fez,2025-11-17_22:27:06,0.00010006712929063137,6.802444425868927e-05,,,0.0135498046875,0.0205078125,0.006591796875,1.56e-06
ibm_fez,2025-11-17_22:27:06,0.00013012309243986457,0.00017390769456689372,,,0.0302734375,0.03076171875,0.02978515625,1.56e-06
ibm_fez,2025-11-17_22:27:06,0.00012939268915404545,9.107049323005532e-05,,,0.01708984375,0.02587890625,0.00830078125,1.56e-06
ibm_fez,2025-11-17_22:27:06,7.413656229700393e-05,4.9963608885116076e-05,,,0.026611328125,0.042724609375,0.010498046875,1.56e-06
ibm_fez,2025-11-17_22:27:06,0.00017871573048023004,4.129466406644616e-05,,,0.0211181640625,0.037353515625,0.0048828125,1.56e-06
ibm_fez,2025-11-17_22:27:06,0.00012932961982890838,0.0001007873394416035,,,0.0078125,0.008544921875,0.007080078125,1.56e-06
ibm_fez,2025-11-17_22:27:06,0.00013228371058382515,0.00013993700565536092,,,0.009521484375,0.013916015625,0.005126953125,1.56e-06
ibm_fez,2025-11-17_22:27:06,0.00011934595385927624,0.00014789793889745907,,,0.0074462890625,0.009521484375,0.00537109375,1.56e-06
ibm_fez,2025-11-17_22:27:06,4.9953116291185524e-05,7.656383414992774e-05,,,0.01318359375,0.0166015625,0.009765625,1.56e-06
ibm_fez,2025-11-17_22:27:06,4.12192515671109e-05,6.825231825494454e-05,,,0.0191650390625,0.0185546875,0.019775390625,1.56e-06
ibm_fez,2025-11-17_22:27:06,0.00017808382316030765,0.00013286408222056676,,,0.07470703125,0.1015625,0.0478515625,1.56e-06
ibm_fez,2025-11-17_22:27:06,9.137706561193334e-05,3.660467797801814e-05,,,0.0072021484375,0.01025390625,0.004150390625,1.56e-06
ibm_fez,2025-11-17_22:27:06,0.00011452732307974207,8.857836347022023e-05,,,0.09814453125,0.107666015625,0.088623046875,1.56e-06
ibm_fez,2025-11-17_22:27:06,0.00014790805256440198,0.0001612386087532755,,,0.00537109375,0.0146484375,0.0029296875,1.56e-06
ibm_fez,2025-11-17_22:27:06,0.00015156511800990782,0.00016494273689629662,,,0.044189453125,0.040771484375,0.047607421875,1.56e-06
ibm_fez,2025-11-17_22:27:06,0.00013729304950370385,1.1784249113057149e-05,,,0.005126953125,0.007080078125,0.003173828125,1.56e-06
ibm_fez,2025-11-17_22:27:06,8.570675788016932e-05,4.670714143268957e-05,,,0.027587890625,0.0263671875,0.02880859375,1.56e-06
ibm_fez,2025-11-17_22:27:06,3.719034162315044e-05,2.9370631154555162e-05,,,0.0042724609375,0.0078125,0.000732421875,1.56e-06
ibm_fez,2025-11-17_22:27:06,0.00013425802046863043,3.055704868064099e-05,,,0.0238037109375,0.024658203125,0.02294921875,1.56e-06
ibm_fez,2025-11-17_22:27:06,0.0001446498498923134,0.00010629904619941915,,,0.0048828125,0.006103515625,0.003662109375,1.56e-06
ibm_fez,2025-11-17_22:27:06,5.8989745543758986e-05,5.584824618728664e-05,,,0.0787353515625,0.151123046875,0.00634765625,1.56e-06
ibm_fez,2025-11-17_22:27:06,0.00017824518295710002,0.0001419645551205912,,,0.00830078125,0.0107421875,0.005859375,1.56e-06
ibm_fez,2025-11-17_22:27:06,0.00018612101210661972,1.373028310194217e-05,,,0.05419921875,0.056396484375,0.052001953125,1.56e-06
ibm_fez,2025-11-17_22:27:06,0.00017442059827646824,0.00019663146837494076,,,0.0047607421875,0.00830078125,0.001220703125,1.56e-06
ibm_fez,2025-11-17_22:27:06,0.00019751784470877724,0.00020174440215242186,,,0.058349609375,0.09521484375,0.021484375,1.56e-06
ibm_fez,2025-11-17_22:27:06,0.00013678215066513047,0.00014921561061564964,,,0.0079345703125,0.0126953125,0.003173828125,1.56e-06
ibm_fez,2025-11-17_22:27:06,0.00016043508532459207,6.843082261691287e-05,,,0.00927734375,0.01416015625,0.00439453125,1.56e-06
ibm_fez,2025-11-17_22:27:06,0.00010021905702461915,0.00011157827107779984,,,0.0081787109375,0.015380859375,0.0009765625,1.56e-06
ibm_fez,2025-11-17_22:27:06,0.00012044702167993085,0.00013121522447296244,,,0.0133056640625,0.019775390625,0.0068359375,1.56e-06
ibm_fez,2025-11-17_22:27:06,0.00017325136505726038,5.0303568067796866e-05,,,0.0330810546875,0.03857421875,0.027587890625,1.56e-06
ibm_fez,2025-11-17_22:27:06,0.0001871703114055627,0.00011534222464521234,,,0.0396728515625,0.0400390625,0.027587890625,1.56e-06
ibm_fez,2025-11-17_22:27:06,0.00012091062125139736,3.654737701327564e-05,,,0.0174560546875,0.024658203125,0.01025390625,1.56e-06
ibm_fez,2025-11-17_22:27:06,0.00015665944917077365,1.3493382674314894e-05,,,0.03955078125,0.04541015625,0.03369140625,1.56e-06
ibm_fez,2025-11-17_22:27:06,0.00019113488941321715,0.00021644707274870393,,,0.0064697265625,0.01123046875,0.001708984375,1.56e-06
ibm_fez,2025-11-17_22:27:06,6.625157148526615e-05,4.6469870013931075e-05,,,0.0933837890625,0.086669921875,0.10009765625,1.56e-06
ibm_fez,2025-11-17_22:27:06,0.00012474147341754544,1.8054885555785125e-05,,,0.0107421875,0.01220703125,0.00927734375,1.56e-06
ibm_fez,2025-11-17_22:27:06,0.0001554416464696595,7.987043967985857e-05,,,0.0491943359375,0.051025390625,0.04736328125,1.56e-06
ibm_fez,2025-11-17_22:27:06,8.59182237045445e-05,8.956168065960608e-05,,,0.0084228515625,0.013916015625,0.0029296875,1.56e-06
ibm_fez,2025-11-17_22:27:06,0.00015908835477111588,8.353064394475893e-05,,,0.0067138671875,0.010986328125,0.00244140625,1.56e-06
ibm_fez,2025-11-17_22:27:06,0.0001205177739877535,9.563731229425941e-05,,,0.0054931640625,0.00927734375,0.001708984375,1.56e-06
ibm_fez,2025-11-17_22:27:06,0.00012802404091479525,0.0001079630042241001,,,0.0072021484375,0.0126953125,0.001708984375,1.56e-06
ibm_fez,2025-11-17_22:27:06,2.827534668824404e-05,9.915649886504495e-05,,,0.4559326171875,0.16455078125,0.747314453125,1.56e-06
ibm_fez,2025-11-17_22:27:06,9.143706664444075e-05,6.810826735683798e-05,,,0.017822265625,0.023681640625,0.011962890625,1.56e-06
ibm_fez,2025-11-17_22:27:06,0.00010897816498143615,0.00010216494851425274,,,0.0145263671875,0.0263671875,0.002685546875,1.56e-06
ibm_fez,2025-11-17_22:27:06,0.0001789779398375626,0.00016078363493815444,,,0.00537109375,0.00634765625,0.00439453125,1.56e-06
ibm_fez,2025-11-17_22:27:06,0.00013926472648326528,0.00010339910362493394,,,0.0303955078125,0.036865234375,0.02392578125,1.56e-06
ibm_fez,2025-11-17_22:27:06,0.00012250352389644813,5.053517591412045e-05,,,0.012451171875,0.0126953125,0.01220703125,1.56e-06
ibm_fez,2025-11-17_22:27:06,8.833836058122321e-05,8.93282923875761e-05,,,0.015380859375,0.0185546875,0.013671875,1.56e-06
ibm_fez,2025-11-17_22:27:06,0.00015790984363494578,5.237740939726734e-05,,,0.0091552734375,0.013671875,0.004638671875,1.56e-06
ibm_fez,2025-11-17_22:27:06,0.00018233662274769853,4.382433654243462e-05,,,0.0059814453125,0.010009765625,0.001953125,1.56e-06
ibm_fez,2025-11-17_22:27:06,0.00018651426293160505,2.029769755841281e-05,,,0.017333984375,0.021240234375,0.013427734375,1.56e-06
ibm_fez,2025-11-17_22:27:06,0.00013695991553155451,2.7727804722485802e-05,,,0.005126953125,0.008544921875,0.001708984375,1.56e-06
ibm_fez,2025-11-17_22:27:06,0.00012109469902036747,0.0001348892428920893,,,0.0882568359375,0.0869140625,0.089599609375,1.56e-06
ibm_fez,2025-11-17_22:27:06,0.00014297677588346184,0.00013680595726451152,,,0.004150390625,0.007568359375,0.000732421875,1.56e-06
ibm_fez,2025-11-17_22:27:06,0.0001791351695503882,4.221865520393519e-05,,,0.0067138671875,0.009521484375,0.00390625,1.56e-06
ibm_fez,2025-11-17_22:27:06,0.00013548653472233158,9.040793455856517e-05,,,0.0078125,0.006103515625,0.009521484375,1.56e-06
ibm_fez,2025-11-17_22:27:06,0.00028114508697681036,0.00031779116398608783,,,0.0455322265625,0.068359375,0.022705078125,1.56e-06
ibm_fez,2025-11-17_22:27:06,0.0001619654045446162,0.0002600812738540734,,,0.005615234375,0.009521484375,0.001708984375,1.56e-06
ibm_fez,2025-11-17_22:27:06,4.4832715360665914e-05,3.7016833742163795e-05,,,0.0147705078125,0.018798828125,0.0107421875,1.56e-06
ibm_fez,2025-11-17_22:27:06,8.476319811667893e-05,8.946210450133211e-05,,,0.005859375,0.009765625,0.001953125,1.56e-06
ibm_fez,2025-11-17_22:27:06,0.00015754869811293435,1.7104715239613234e-05,,,0.021240234375,0.02685546875,0.015625,1.56e-06
ibm_fez,2025-11-17_22:27:06,0.00013323704153037208,0.00014318886163817274,,,0.0054931640625,0.010009765625,0.0009765625,1.56e-06
ibm_fez,2025-11-17_22:27:06,0.00021503433329226503,0.0001948872941188074,,,0.0228271484375,0.02783203125,0.017822265625,1.56e-06
ibm_fez,2025-11-17_22:27:06,0.00015231150818337632,5.1086720525408955e-05,,,0.0137939453125,0.013427734375,0.01416015625,1.56e-06
ibm_fez,2025-11-17_22:27:06,0.00015542587110173734,0.0001699938582180179,,,0.009033203125,0.02099609375,0.004638671875,1.56e-06
ibm_fez,2025-11-17_22:27:06,6.225267971467749e-05,7.177174480356774e-05,,,0.0087890625,0.009033203125,0.008544921875,1.56e-06
ibm_fez,2025-11-17_22:27:06,0.0001357071063290475,0.0001783320529969241,,,0.0057373046875,0.009521484375,0.001953125,1.56e-06
ibm_fez,2025-11-17_22:27:06,9.362996843192988e-05,1.7776895590481503e-05,,,0.007080078125,0.01123046875,0.0029296875,1.56e-06
ibm_fez,2025-11-17_22:27:06,0.00011009710891042293,3.8859651577840106e-05,,,0.012939453125,0.012939453125,0.012939453125,1.56e-06
ibm_fez,2025-11-17_22:27:06,9.145489992494231e-05,2.784989301251378e-05,,,0.005859375,0.009521484375,0.002197265625,1.56e-06
ibm_fez,2025-11-17_22:27:06,8.152008750966354e-05,8.058733596247109e-05,,,0.06005859375,0.072265625,0.0478515625,1.56e-06
ibm_fez,2025-11-17_22:27:06,0.0001231710178547748,8.571746193060438e-05,,,0.0233154296875,0.043701171875,0.0029296875,1.56e-06
ibm_fez,2025-11-17_22:27:06,0.00013458284887697317,0.0001265609991350353,,,0.0064697265625,0.011962890625,0.0009765625,1.56e-06
ibm_fez,2025-11-17_22:27:06,8.012881934565735e-05,7.091045175135498e-05,,,0.010009765625,0.0166015625,0.00341796875,1.56e-06
ibm_fez,2025-11-17_22:27:06,0.000125522155276933,0.00012415378687122064,,,0.0123291015625,0.017333984375,0.00732421875,1.56e-06
ibm_fez,2025-11-17_22:27:06,9.575774063177277e-05,0.00011282169160825088,,,0.0068359375,0.009521484375,0.004150390625,1.56e-06
ibm_fez,2025-11-17_22:27:06,8.472188437925938e-05,2.0592672870109723e-05,,,0.0120849609375,0.017822265625,0.00634765625,1.56e-06
ibm_fez,2025-11-17_22:27:06,0.00018642783101933312,0.0001793024975756533,,,0.0069580078125,0.010986328125,0.0029296875,1.56e-06
ibm_fez,2025-11-17_22:27:06,0.00010264134032314474,7.052942284123719e-05,,,0.009033203125,0.010986328125,0.007080078125,1.56e-06
ibm_fez,2025-11-17_22:27:06,0.0001189675970475479,0.00010423342984911547,,,0.0067138671875,0.010986328125,0.00244140625,1.56e-06
ibm_fez,2025-11-17_22:27:06,0.00022096235204060964,0.00012806117693265178,,,0.012939453125,0.02099609375,0.0048828125,1.56e-06
ibm_fez,2025-11-17_22:27:06,0.00011008354854605311,9.770341750248846e-05,,,0.010009765625,0.009765625,0.009521484375,1.56e-06
ibm_fez,2025-11-17_22:27:06,0.00015750285617573064,4.789274880966007e-05,,,0.0921630859375,0.080810546875,0.103515625,1.56e-06
ibm_fez,2025-11-17_22:27:06,0.00014057258167985497,0.0001005957434632249,,,0.0057373046875,0.0087890625,0.002685546875,1.56e-06
ibm_fez,2025-11-17_22:27:06,0.0001437931050784702,0.00017375163069288202,,,0.0064697265625,0.009765625,0.003173828125,1.56e-06
ibm_fez,2025-11-17_22:27:06,0.0001583179116538804,0.00012430593437462534,,,0.009765625,0.009765625,0.009765625,1.56e-06
ibm_fez,2025-11-17_22:27:06,0.00010228190290965526,9.332305499838364e-05,,,0.020751953125,0.0224609375,0.01904296875,1.56e-06
ibm_fez,2025-11-17_22:27:06,0.00014891755158280272,5.3058994685765956e-05,,,0.0059814453125,0.005615234375,0.00634765625,1.56e-06
ibm_fez,2025-11-17_22:27:06,6.086500659561187e-05,9.38649603866244e-05,,,0.00927734375,0.01416015625,0.00439453125,1.56e-06
ibm_fez,2025-11-17_22:27:06,0.00018774316146997209,0.00020608692699119126,,,0.0057373046875,0.00732421875,0.004150390625,1.56e-06
ibm_fez,2025-11-17_22:27:06,0.00020755889751793516,0.0001524643769703949,,,0.0111083984375,0.017822265625,0.00439453125,1.56e-06
ibm_fez,2025-11-17_22:27:06,0.00012423803421024015,5.747065042797123e-05,,,0.034423828125,0.067138671875,0.001708984375,1.56e-06
ibm_fez,2025-11-17_22:27:06,0.0001630232897515081,0.00013137277722827798,,,0.0093994140625,0.0126953125,0.006103515625,1.56e-06
ibm_fez,2025-11-17_22:27:06,8.618430586872358e-05,0.0001039569424393022,,,0.0042724609375,0.00830078125,0.000244140625,1.56e-06
ibm_fez,2025-11-17_22:27:06,0.0001468909993893725,5.644188992169847e-05,,,0.0091552734375,0.01123046875,0.007080078125,1.56e-06
ibm_fez,2025-11-17_22:27:06,0.0001418433580185968,7.503473886993075e-05,,,0.005126953125,0.00732421875,0.0029296875,1.56e-06
ibm_fez,2025-11-17_22:27:06,0.00017633013531451948,0.00019848064688049314,,,0.0111083984375,0.0185546875,0.003662109375,1.56e-06
ibm_fez,2025-11-17_22:27:06,9.499906757593984e-05,4.087555866190153e-05,,,0.01318359375,0.016845703125,0.009521484375,1.56e-06
ibm_fez,2025-11-17_22:27:06,0.00016688200340639,0.00013118717441667013,,,0.0211181640625,0.01806640625,0.019287109375,1.56e-06
ibm_fez,2025-11-17_22:27:06,6.99570724554886e-05,9.524294744928906e-05,,,0.004638671875,0.005615234375,0.003662109375,1.56e-06
ibm_fez,2025-11-17_22:27:06,0.00023714547841640216,0.0002586154815309567,,,0.088623046875,0.097900390625,0.079345703125,1.56e-06
ibm_fez,2025-11-17_22:27:06,0.000216869360375425,0.00026838673580388886,,,0.0032958984375,0.00537109375,0.001220703125,1.56e-06
ibm_fez,2025-11-17_22:27:06,7.186751826088966e-05,4.491166902294746e-05,,,0.0118408203125,0.01953125,0.004150390625,1.56e-06
ibm_fez,2025-11-17_22:27:06,0.00014418975501474527,3.512571343947629e-05,,,0.0076904296875,0.009521484375,0.005859375,1.56e-06
ibm_fez,2025-11-17_22:27:06,0.00015990513004336703,0.00016040842223505336,,,0.0618896484375,0.086669921875,0.037109375,1.56e-06
ibm_fez,2025-11-17_22:27:06,0.00015612353897280452,0.00013156164513609402,,,0.007080078125,0.013427734375,0.000732421875,1.56e-06
ibm_fez,2025-11-17_22:27:06,0.0001438549305130017,0.0001867553368847694,,,0.0045166015625,0.0068359375,0.002197265625,1.56e-06
ibm_fez,2025-11-17_22:27:06,9.491156776951172e-05,0.00013680826027595984,,,0.0059814453125,0.008544921875,0.00341796875,1.56e-06
ibm_fez,2025-11-17_22:27:06,0.00010075003699503622,3.0503114176890936e-05,,,0.008544921875,0.015380859375,0.001708984375,1.56e-06
ibm_fez,2025-11-17_22:27:06,0.00011896640333311799,0.00019994522091128255,,,0.018310546875,0.017333984375,0.019287109375,1.56e-06
ibm_fez,2025-11-17_22:27:06,8.625557390267254e-05,7.134583044419177e-05,,,0.0093994140625,0.01416015625,0.004638671875,1.56e-06
ibm_fez,2025-11-17_22:27:06,0.00016351642906046416,0.00020286883803034345,,,0.0045166015625,0.006103515625,0.0029296875,1.56e-06
ibm_fez,2025-11-17_22:27:06,0.0001387107754123283,0.00012136620028033163,,,0.0277099609375,0.052490234375,0.0029296875,1.56e-06
ibm_fez,2025-11-17_22:27:06,0.0001821779520235543,0.00023074439901295493,,,0.004638671875,0.007080078125,0.002197265625,1.56e-06
ibm_fez,2025-11-17_22:27:06,0.00015072926824903117,0.00011709613830127209,,,0.018798828125,0.021240234375,0.016357421875,1.56e-06
ibm_fez,2025-11-17_22:27:06,0.000161395949628869,1.5341251346806078e-05,,,0.004638671875,0.00732421875,0.000732421875,1.56e-06
ibm_fez,2025-11-17_22:27:06,0.00012152543551070345,0.00010970865578659453,,,0.004638671875,0.007080078125,0.002197265625,1.56e-06
ibm_fez,2025-11-17_22:27:06,0.00011818038135583581,0.00012848312875867496,,,0.0067138671875,0.0126953125,0.000732421875,1.56e-06
ibm_fez,2025-11-17_22:27:06,6.346694127113785e-05,6.648068566227131e-06,,,0.0462646484375,0.057373046875,0.03515625,1.56e-06
ibm_fez,2025-11-17_22:27:06,0.00018090716897232388,8.222280157011078e-06,,,0.0045166015625,0.0068359375,0.002197265625,1.56e-06
ibm_fez,2025-11-17_22:27:06,0.00011372957784666981,0.00013157721209715342,,,0.0120849609375,0.019775390625,0.00439453125,1.56e-06
ibm_fez,2025-11-17_22:27:06,0.00017859788152228256,0.0002335768751502557,,,0.007568359375,0.010986328125,0.004150390625,1.56e-06
ibm_fez,2025-11-17_22:27:06,0.00018801910145935347,6.788808260717637e-05,,,0.01220703125,0.017822265625,0.006591796875,1.56e-06
ibm_fez,2025-11-17_22:27:06,0.00016503582678349974,0.00010053292521630703,,,0.0072021484375,0.01025390625,0.004150390625,1.56e-06
ibm_fez,2025-11-17_22:27:06,0.00023786217868068319,1.707116862183844e-05,,,0.012451171875,0.017822265625,0.007080078125,1.56e-06
ibm_torino,2025-11-17_22:27:06,0.00016690421728350003,0.0001968160854731987,,,0.133056640625,0.149658203125,0.116455078125,1.56e-06
ibm_torino,2025-11-17_22:27:06,0.0002827705969198818,0.00018016653200886326,,,0.062744140625,0.0400390625,0.08544921875,1.56e-06
ibm_torino,2025-11-17_22:27:06,0.00017644563888442855,0.00017916166812102883,,,0.095947265625,0.115234375,0.07666015625,1.56e-06
ibm_torino,2025-11-17_22:27:06,0.00026176467858317,0.00018402070109480183,,,0.0177001953125,0.014892578125,0.0205078125,1.56e-06
ibm_torino,2025-11-17_22:27:06,0.0001557504346726844,0.0002145943029663698,,,0.0399169921875,0.04736328125,0.032470703125,1.56e-06
ibm_torino,2025-11-17_22:27:06,0.00026325536330499297,0.0002697755818777383,,,0.0299072265625,0.016357421875,0.04345703125,1.56e-06
ibm_torino,2025-11-17_22:27:06,3.4202973354749674e-05,3.348440601085622e-05,,,0.013916015625,0.01806640625,0.00244140625,1.56e-06
ibm_torino,2025-11-17_22:27:06,0.0002697235604029567,0.0001704646458948953,,,0.0775146484375,0.0517578125,0.103271484375,1.56e-06
ibm_torino,2025-11-17_22:27:06,0.0001427999901052795,0.00015382295347523368,,,0.0699462890625,0.060791015625,0.0791015625,1.56e-06
ibm_torino,2025-11-17_22:27:06,4.291847769296339e-05,5.0653118119260166e-05,,,0.02197265625,0.041748046875,0.002197265625,1.56e-06
ibm_torino,2025-11-17_22:27:06,0.0002752339634949954,0.0003217724184924223,,,0.041015625,0.019775390625,0.062255859375,1.56e-06
ibm_torino,2025-11-17_22:27:06,0.0001368419245409775,0.00018104468327264405,,,0.0059814453125,0.00830078125,0.003662109375,1.56e-06
ibm_torino,2025-11-17_22:27:06,0.00028865840874954806,0.0002592352476598238,,,0.02294921875,0.019775390625,0.026123046875,1.56e-06
ibm_torino,2025-11-17_22:27:06,0.00024293335654076065,0.00019502806683765832,,,0.0267333984375,0.023193359375,0.0302734375,1.56e-06
ibm_torino,2025-11-17_22:27:06,0.00023539656230426312,0.000141467829806025,,,0.0413818359375,0.0576171875,0.025146484375,1.56e-06
ibm_torino,2025-11-17_22:27:06,0.0001538579146143271,3.447460264462631e-05,,,0.02001953125,0.034423828125,0.005615234375,1.56e-06
ibm_torino,2025-11-17_22:27:06,0.00016987800423390336,0.00017192422622131517,,,0.0260009765625,0.01806640625,0.033935546875,1.56e-06
ibm_torino,2025-11-17_22:27:06,0.00018068670526801865,0.00010037400388332056,,,0.00732421875,0.010498046875,0.004150390625,1.56e-06
ibm_torino,2025-11-17_22:27:06,7.055256243370668e-05,9.58041839650311e-05,,,0.006591796875,0.00390625,0.00927734375,1.56e-06
ibm_torino,2025-11-17_22:27:06,0.00011440267097379988,0.00015157821529023765,,,0.0455322265625,0.0634765625,0.027587890625,1.56e-06
ibm_torino,2025-11-17_22:27:06,0.00018197377103356614,0.00012076717953825821,,,0.0185546875,0.023681640625,0.013427734375,1.56e-06
ibm_torino,2025-11-17_22:27:06,6.852089596765253e-05,2.296091689185532e-05,,,0.0748291015625,0.07080078125,0.078857421875,1.56e-06
ibm_torino,2025-11-17_22:27:06,5.56078321979424e-05,7.195892915481616e-05,,,0.0321044921875,0.0390625,0.025146484375,1.56e-06
ibm_torino,2025-11-17_22:27:06,0.00020273663957886471,0.0001922129899479505,,,0.045654296875,0.0263671875,0.049560546875,1.56e-06
ibm_torino,2025-11-17_22:27:06,0.0001338520910582504,0.00016601867063466614,,,0.01904296875,0.011474609375,0.026611328125,1.56e-06
ibm_torino,2025-11-17_22:27:06,0.00011524187356472937,0.0001433625921652697,,,0.0955810546875,0.092041015625,0.09912109375,1.56e-06
ibm_torino,2025-11-17_22:27:06,4.878438925292236e-06,2.922957796238884e-06,,,0.0455322265625,0.045654296875,0.04541015625,1.56e-06
ibm_torino,2025-11-17_22:27:06,0.000190325769524507,0.00011615265672159918,,,0.0458984375,0.037109375,0.0546875,1.56e-06
ibm_torino,2025-11-17_22:27:06,0.0001668620205648732,0.00013891345878947752,,,0.010986328125,0.00927734375,0.0126953125,1.56e-06
ibm_torino,2025-11-17_22:27:06,0.00018745822068653919,0.00016418856936476967,,,0.0216064453125,0.01220703125,0.031005859375,1.56e-06
ibm_torino,2025-11-17_22:27:06,8.496055669838833e-05,0.00010432249499091467,,,0.0107421875,0.008544921875,0.012939453125,1.56e-06
ibm_torino,2025-11-17_22:27:06,0.00022618983901611292,0.00022198783487687959,,,0.1007080078125,0.081787109375,0.11962890625,1.56e-06
ibm_torino,2025-11-17_22:27:06,0.00021041616613534067,0.00013763498005306274,,,0.0233154296875,0.031005859375,0.015625,1.56e-06
ibm_torino,2025-11-17_22:27:06,0.00017770139438679576,7.308864527415062e-05,,,0.04248046875,0.025634765625,0.059326171875,1.56e-06
ibm_torino,2025-11-17_22:27:06,0.00012099864454484996,9.884076306833303e-05,,,0.0341796875,0.027099609375,0.041259765625,1.56e-06
ibm_torino,2025-11-17_22:27:06,0.00012901696330873798,0.00010019633944774579,,,0.0140380859375,0.015869140625,0.01220703125,1.56e-06
ibm_torino,2025-11-17_22:27:06,9.431099398937534e-05,0.00014960077750625226,,,0.00634765625,0.009765625,0.0029296875,1.56e-06
ibm_torino,2025-11-17_22:27:06,0.0001840780006535647,6.073994779717553e-05,,,0.003662109375,0.00390625,0.00341796875,1.56e-06
ibm_torino,2025-11-17_22:27:06,0.00022348486074053525,0.00016598371936166407,,,0.0657958984375,0.07861328125,0.052978515625,1.56e-06
ibm_torino,2025-11-17_22:27:06,0.0001431397655774425,0.00015400397963051272,,,0.03271484375,0.021728515625,0.043701171875,1.56e-06
ibm_torino,2025-11-17_22:27:06,0.00012075070050336123,0.00015331132429501735,,,0.0174560546875,0.01318359375,0.02197265625,1.56e-06
ibm_torino,2025-11-17_22:27:06,3.382514101203237e-05,5.825057965828797e-05,,,0.0726318359375,0.133056640625,0.01220703125,1.56e-06
ibm_torino,2025-11-17_22:27:06,0.0001847079576011747,0.0001385284485494781,,,0.14404296875,0.156494140625,0.131591796875,1.56e-06
ibm_torino,2025-11-17_22:27:06,6.425709319174588e-05,5.950488601608941e-05,,,0.0108642578125,0.016845703125,0.0048828125,1.56e-06
ibm_torino,2025-11-17_22:27:06,0.000275761932605432,0.00021135013921930513,,,0.0416259765625,0.026123046875,0.05712890625,1.56e-06
ibm_torino,2025-11-17_22:27:06,4.8850571665767554e-05,6.17638829967281e-05,,,0.0076904296875,0.01171875,0.003662109375,1.56e-06
ibm_torino,2025-11-17_22:27:06,0.00017782619939105064,0.0001696361107268934,,,0.0526123046875,0.052001953125,0.05322265625,1.56e-06
ibm_torino,2025-11-17_22:27:06,0.00016934048047355672,5.091726937062847e-05,,,0.0189208984375,0.033203125,0.004638671875,1.56e-06
ibm_torino,2025-11-17_22:27:06,0.00021153568127736989,0.0002912409456342546,,,0.0474853515625,0.041259765625,0.0537109375,1.56e-06
ibm_torino,2025-11-17_22:27:06,0.00024050757810713388,0.00014386733429197414,,,0.01708984375,0.0146484375,0.01953125,1.56e-06
ibm_torino,2025-11-17_22:27:06,0.00019124516351325083,0.00023642575641047108,,,0.09716796875,0.10595703125,0.08837890625,1.56e-06
ibm_torino,2025-11-17_22:27:06,0.00015879262058459504,0.00012527791932825352,,,0.00634765625,0.003173828125,0.009521484375,1.56e-06
ibm_torino,2025-11-17_22:27:06,0.0001911236266537265,0.00024710459908461395,,,0.0347900390625,0.017333984375,0.05224609375,1.56e-06
ibm_torino,2025-11-17_22:27:06,2.2368561299607725e-05,6.241300371354171e-05,,,0.44189453125,0.763671875,0.1201171875,1.56e-06
ibm_torino,2025-11-17_22:27:06,5.422646510955497e-05,6.116163652335824e-05,,,0.00732421875,0.004150390625,0.010498046875,1.56e-06
ibm_torino,2025-11-17_22:27:06,0.0002122446049914648,0.00014562923190851766,,,0.0096435546875,0.010498046875,0.0087890625,1.56e-06
ibm_torino,2025-11-17_22:27:06,0.00017826515195375878,0.00015775500074685872,,,0.011474609375,0.009033203125,0.013916015625,1.56e-06
ibm_torino,2025-11-17_22:27:06,0.0001831482559873428,0.0002146278813652973,,,0.0238037109375,0.01513671875,0.02978515625,1.56e-06
ibm_torino,2025-11-17_22:27:06,0.00014243831709114695,0.00015275826351127496,,,0.0128173828125,0.014404296875,0.01123046875,1.56e-06
ibm_torino,2025-11-17_22:27:06,0.00020894386572025545,0.00014524082153100453,,,0.048095703125,0.052001953125,0.044189453125,1.56e-06
ibm_torino,2025-11-17_22:27:06,0.00019224073757331855,0.00021228049810961884,,,0.0084228515625,0.0087890625,0.008056640625,1.56e-06
ibm_torino,2025-11-17_22:27:06,5.482016546850608e-05,7.924290936756878e-05,,,0.01318359375,0.020751953125,0.005615234375,1.56e-06
ibm_torino,2025-11-17_22:27:06,0.00012964203399459603,0.00013403519157044715,,,0.0103759765625,0.0146484375,0.006103515625,1.56e-06
ibm_torino,2025-11-17_22:27:06,0.00022786375471482313,0.00012696281289666095,,,0.0386962890625,0.051513671875,0.02587890625,1.56e-06
ibm_torino,2025-11-17_22:27:06,0.00023898355951338903,0.0001263908414519465,,,0.066162109375,0.060791015625,0.071533203125,1.56e-06
ibm_torino,2025-11-17_22:27:06,0.00024005014923348297,0.00022930801630079774,,,0.0145263671875,0.015625,0.013427734375,1.56e-06
ibm_torino,2025-11-17_22:27:06,0.000267823589616498,0.00023868606679869084,,,0.006103515625,0.005615234375,0.006591796875,1.56e-06
ibm_torino,2025-11-17_22:27:06,0.00012559402358095216,0.00011214261961227284,,,0.040771484375,0.0537109375,0.02783203125,1.56e-06
ibm_torino,2025-11-17_22:27:06,0.00016597650629430108,7.639669691270256e-05,,,0.0069580078125,0.005859375,0.008056640625,1.56e-06
ibm_torino,2025-11-17_22:27:06,0.00015647136701099593,5.3057063726033894e-05,,,0.0350341796875,0.043701171875,0.0263671875,1.56e-06
ibm_torino,2025-11-17_22:27:06,8.873959479883004e-05,4.2123033792417123e-05,,,0.04736328125,0.0341796875,0.060546875,1.56e-06
ibm_torino,2025-11-17_22:27:06,0.00021096381344779729,4.492529298281476e-05,,,0.044677734375,0.050048828125,0.039306640625,1.56e-06
ibm_torino,2025-11-17_22:27:06,0.0002439668738536315,8.759989511130113e-05,,,0.0081787109375,0.005126953125,0.01123046875,1.56e-06
ibm_torino,2025-11-17_22:27:06,0.00020399991285735154,9.721702532137647e-05,,,0.022705078125,0.018310546875,0.027099609375,1.56e-06
ibm_torino,2025-11-17_22:27:06,0.000223034925057186,0.00012152478711575373,,,0.016357421875,0.013671875,0.02001953125,1.56e-06
ibm_torino,2025-11-17_22:27:06,0.00021921656665773175,0.00012411445760815464,,,0.014892578125,0.01806640625,0.01171875,1.56e-06
ibm_torino,2025-11-17_22:27:06,0.00030156268918156686,0.000276802317422263,,,0.03759765625,0.01953125,0.0556640625,1.56e-06
ibm_torino,2025-11-17_22:27:06,0.00022829947981839747,0.00017618362765835257,,,0.0252685546875,0.018798828125,0.03173828125,1.56e-06
ibm_torino,2025-11-17_22:27:06,0.00010258536526720158,0.00010755515494068835,,,0.0550537109375,0.06005859375,0.050048828125,1.56e-06
ibm_torino,2025-11-17_22:27:06,6.518862701371425e-05,8.321684349149056e-05,,,0.0408935546875,0.073974609375,0.0078125,1.56e-06
ibm_torino,2025-11-17_22:27:06,0.00012971184762202264,2.575529392278087e-05,,,0.0264892578125,0.025390625,0.027587890625,1.56e-06
ibm_torino,2025-11-17_22:27:06,0.00014052673300478632,0.00014787073530872,,,0.0079345703125,0.00439453125,0.011474609375,1.56e-06
ibm_torino,2025-11-17_22:27:06,0.0002564387240831679,0.0001817477441440355,,,0.09326171875,0.11865234375,0.06787109375,1.56e-06
ibm_torino,2025-11-17_22:27:06,9.441623289573152e-05,7.764910063319165e-05,,,0.0198974609375,0.013671875,0.026123046875,1.56e-06
ibm_torino,2025-11-17_22:27:06,0.00023595178491150987,0.00014283994248767427,,,0.0562744140625,0.054443359375,0.05810546875,1.56e-06
ibm_torino,2025-11-17_22:27:06,3.3330848074903295e-06,6.928732807106434e-06,,,0.03515625,0.056640625,0.013671875,1.56e-06
ibm_torino,2025-11-17_22:27:06,0.00017496179505103673,0.00011043005726350176,,,0.2294921875,0.407470703125,0.051513671875,1.56e-06
ibm_torino,2025-11-17_22:27:06,0.00019047769096012355,0.0001996939483921434,,,0.00732421875,0.00537109375,0.00927734375,1.56e-06
ibm_torino,2025-11-17_22:27:06,0.0002691078787019753,0.00039645541837162146,,,0.137939453125,0.13916015625,0.13671875,1.56e-06
ibm_torino,2025-11-17_22:27:06,0.00020544436184805021,0.00017598838764158834,,,0.0677490234375,0.05810546875,0.077392578125,1.56e-06
ibm_torino,2025-11-17_22:27:06,0.00023034137149924216,0.0002389658108999797,,,0.018310546875,0.009521484375,0.027099609375,1.56e-06
ibm_torino,2025-11-17_22:27:06,0.00019083834953816068,9.959260102857742e-05,,,0.00732421875,0.0185546875,0.009521484375,1.56e-06
ibm_torino,2025-11-17_22:27:06,0.00020836473730152092,0.00017000311833076666,,,0.0068359375,0.00439453125,0.00927734375,1.56e-06
ibm_torino,2025-11-17_22:27:06,0.00022236119508231895,0.00015969189415559017,,,0.0118408203125,0.0087890625,0.014892578125,1.56e-06
ibm_torino,2025-11-17_22:27:06,0.00022606649271294214,0.0002346084892412722,,,0.0174560546875,0.012451171875,0.0224609375,1.56e-06
ibm_torino,2025-11-17_22:27:06,6.0501282764760204e-05,8.314363669073215e-05,,,0.0145263671875,0.0126953125,0.016357421875,1.56e-06
ibm_torino,2025-11-17_22:27:06,0.00010920439496842675,0.00010836789760441694,,,0.0157470703125,0.01806640625,0.013427734375,1.56e-06
ibm_torino,2025-11-17_22:27:06,0.00014976847568047612,0.00016418002551249174,,,0.084228515625,0.07568359375,0.0927734375,1.56e-06
ibm_torino,2025-11-17_22:27:06,0.00014197794115418383,8.54920295640822e-05,,,0.0172119140625,0.025390625,0.009033203125,1.56e-06
ibm_torino,2025-11-17_22:27:06,0.0001834854901601712,0.00013201386545160057,,,0.035888671875,0.03173828125,0.0400390625,1.56e-06
ibm_torino,2025-11-17_22:27:06,0.00011544351593103734,0.00015522747551973648,,,0.0576171875,0.05810546875,0.05712890625,1.56e-06
ibm_torino,2025-11-17_22:27:06,0.0002301901276431841,0.00010350451409480312,,,0.0396728515625,0.039794921875,0.03955078125,1.56e-06
ibm_torino,2025-11-17_22:27:06,0.00026650470883898125,3.870860246435334e-05,,,0.0115966796875,0.01220703125,0.010986328125,1.56e-06
ibm_torino,2025-11-17_22:27:06,0.0002546531411213813,7.777423200879423e-05,,,0.0556640625,0.056396484375,0.054931640625,1.56e-06
ibm_torino,2025-11-17_22:27:06,9.212425943450617e-05,8.015233899037811e-05,,,0.03369140625,0.056884765625,0.010498046875,1.56e-06
ibm_torino,2025-11-17_22:27:06,0.00010141048714263692,2.2056951865712787e-05,,,0.0670166015625,0.071533203125,0.0625,1.56e-06
ibm_torino,2025-11-17_22:27:06,0.00011598507593493534,0.00014347346627490093,,,0.1224365234375,0.15380859375,0.091064453125,1.56e-06
ibm_torino,2025-11-17_22:27:06,0.00021407241202655994,0.00019285394386128784,,,0.0186767578125,0.016845703125,0.0205078125,1.56e-06
ibm_torino,2025-11-17_22:27:06,2.6018101860622673e-05,4.4144175170206936e-05,,,0.0552978515625,0.1025390625,0.0205078125,1.56e-06
ibm_torino,2025-11-17_22:27:06,0.0002532024088075058,0.0003040934288508582,,,0.067626953125,0.047607421875,0.087646484375,1.56e-06
ibm_torino,2025-11-17_22:27:06,0.00022559415909424643,0.00011164882434463139,,,0.0072021484375,0.00732421875,0.007080078125,1.56e-06
ibm_torino,2025-11-17_22:27:06,0.0001951873135093611,0.00011197833716851453,,,0.011474609375,0.01025390625,0.0126953125,1.56e-06
ibm_torino,2025-11-17_22:27:06,0.00024727271194662637,0.00011984426173714364,,,0.01171875,0.008056640625,0.015380859375,1.56e-06
ibm_torino,2025-11-17_22:27:06,0.00012144219978279759,0.00014064503499379975,,,0.0341796875,0.03125,0.037109375,1.56e-06
ibm_torino,2025-11-17_22:27:06,0.00010268880386117395,0.0001297017590514559,,,0.05126953125,0.011474609375,0.091064453125,1.56e-06
ibm_torino,2025-11-17_22:27:06,6.599561873055633e-05,9.035400095130506e-05,,,0.1246337890625,0.1015625,0.147705078125,1.56e-06
ibm_torino,2025-11-17_22:27:06,9.35742217685211e-05,0.000161889566560746,,,0.0543212890625,0.03515625,0.073486328125,1.56e-06
ibm_torino,2025-11-17_22:27:06,0.00011424607803275196,6.328707804387412e-05,,,0.007080078125,0.01171875,0.00244140625,1.56e-06
ibm_torino,2025-11-17_22:27:06,0.00024922840703589457,0.0002995933058296348,,,0.119873046875,0.083740234375,0.156005859375,1.56e-06
ibm_torino,2025-11-17_22:27:06,0.00010920543458858151,9.830187245899931e-05,,,0.0281982421875,0.028076171875,0.0283203125,1.56e-06
ibm_torino,2025-11-17_22:27:06,7.199431064057959e-05,9.096974685258163e-05,,,0.021240234375,0.02734375,0.01513671875,1.56e-06
ibm_torino,2025-11-17_22:27:06,0.0002632833380917501,0.00017941211971437009,,,0.0302734375,0.0166015625,0.0439453125,1.56e-06
ibm_torino,2025-11-17_22:27:06,0.00024780199774106617,0.00014886675943277255,,,0.0411376953125,0.03564453125,0.046630859375,1.56e-06
ibm_torino,2025-11-17_22:27:06,4.895918303424961e-05,3.704895928851651e-05,,,0.0242919921875,0.041748046875,0.0068359375,1.56e-06
ibm_torino,2025-11-17_22:27:06,0.00016632572289551322,0.00010181643654410652,,,0.0872802734375,0.09814453125,0.076416015625,1.56e-06
ibm_torino,2025-11-17_22:27:06,0.00010364736847354538,8.596507938539254e-05,,,0.0067138671875,0.0078125,0.00439453125,1.56e-06
ibm_torino,2025-11-17_22:27:06,0.00014389699752462114,0.0001293657318825621,,,0.0897216796875,0.09619140625,0.083251953125,1.56e-06
ibm_torino,2025-11-17_22:27:06,0.00013295926135052037,8.532890978860217e-05,,,0.1787109375,0.167236328125,0.190185546875,1.56e-06
ibm_torino,2025-11-17_22:27:06,0.0003236929725828836,0.00017606315778504616,,,0.0955810546875,0.086669921875,0.1044921875,1.56e-06
ibm_torino,2025-11-17_22:27:06,0.00021311089979303896,0.00012489784601100486,,,0.0382080078125,0.041259765625,0.03515625,1.56e-06
ibm_torino,2025-11-17_22:27:06,0.0002922719365888616,0.00026815454013945735,,,0.0206298828125,0.0146484375,0.026611328125,1.56e-06
ibm_torino,2025-11-17_22:27:06,0.00023950245229639099,4.933180849308255e-05,,,0.0093994140625,0.006103515625,0.0126953125,1.56e-06
ibm_torino,2025-11-17_22:27:06,0.0001911808845100788,0.00017269375717859258,,,0.0164794921875,0.010986328125,0.02197265625,1.56e-06
ibm_marrakesh,2025-11-17_22:27:07,0.00017601991415358486,5.160468121088047e-05,,,0.005859375,0.009521484375,0.002197265625,2.584e-06
ibm_marrakesh,2025-11-17_22:27:07,0.00020076469601719454,0.00019060661562640382,,,0.004150390625,0.007080078125,0.001220703125,2.584e-06
ibm_marrakesh,2025-11-17_22:27:07,0.00026453570289094964,0.0003642049272643544,,,0.0032958984375,0.005126953125,0.00146484375,2.584e-06
ibm_marrakesh,2025-11-17_22:27:07,0.0002834200882070934,0.000287351718650662,,,0.009521484375,0.01171875,0.00732421875,2.584e-06
ibm_marrakesh,2025-11-17_22:27:07,0.0002121267303495166,8.18499848333515e-05,,,0.0198974609375,0.038330078125,0.00146484375,2.584e-06
ibm_marrakesh,2025-11-17_22:27:07,0.00026984326204755333,0.00011358521484417266,,,0.0048828125,0.004638671875,0.005126953125,2.584e-06
ibm_marrakesh,2025-11-17_22:27:07,0.00024167102472439386,0.00010493501882837527,,,0.0029296875,0.005126953125,0.000732421875,2.584e-06
ibm_marrakesh,2025-11-17_22:27:07,0.00024627351883379443,7.492689424295716e-05,,,0.005615234375,0.00830078125,0.0029296875,2.584e-06
ibm_marrakesh,2025-11-17_22:27:07,0.0001780247033023873,7.208721750312238e-05,,,0.0030517578125,0.005126953125,0.0009765625,2.584e-06
ibm_marrakesh,2025-11-17_22:27:07,0.00013334411952734955,0.000100263722754757,,,0.04638671875,0.0341796875,0.05859375,2.584e-06
ibm_marrakesh,2025-11-17_22:27:07,0.0002588219240121618,0.00012709076656310038,,,0.00341796875,0.0078125,0.001708984375,2.584e-06
ibm_marrakesh,2025-11-17_22:27:07,0.00029919956530361755,0.00011012622584039566,,,0.00927734375,0.01318359375,0.00537109375,2.584e-06
ibm_marrakesh,2025-11-17_22:27:07,0.0002545717215315012,0.00014943269332119743,,,0.0040283203125,0.00634765625,0.001708984375,2.584e-06
ibm_marrakesh,2025-11-17_22:27:07,0.00021546708742623634,0.00017706176224859904,,,0.1378173828125,0.082275390625,0.193359375,2.584e-06
ibm_marrakesh,2025-11-17_22:27:07,0.000124183838622808,8.400561616258514e-05,,,0.0032958984375,0.005859375,0.000732421875,2.584e-06
ibm_marrakesh,2025-11-17_22:27:07,0.00020237808740006567,3.334937215272931e-05,,,0.0042724609375,0.006103515625,0.00244140625,2.584e-06
ibm_marrakesh,2025-11-17_22:27:07,0.0001554612782595518,0.00014792488724700757,,,0.0084228515625,0.015869140625,0.0009765625,2.584e-06
ibm_marrakesh,2025-11-17_22:27:07,0.0003095323363274705,9.62508022749631e-06,,,0.00927734375,0.016357421875,0.002197265625,2.584e-06
ibm_marrakesh,2025-11-17_22:27:07,0.00012678694375300848,7.322655401826804e-05,,,0.0087890625,0.015380859375,0.002197265625,2.584e-06
ibm_marrakesh,2025-11-17_22:27:07,0.00016681457764767667,6.560313879173506e-05,,,0.0054931640625,0.0107421875,0.000244140625,2.584e-06
ibm_marrakesh,2025-11-17_22:27:07,0.0001582154804520932,0.00023852144834418163,,,0.0084228515625,0.015380859375,0.00146484375,2.584e-06
ibm_marrakesh,2025-11-17_22:27:07,0.00024833196088244817,0.0001522342111007837,,,0.00439453125,0.00634765625,0.00244140625,2.584e-06
ibm_marrakesh,2025-11-17_22:27:07,0.0002460135732915319,4.183151079877388e-05,,,0.005859375,0.010009765625,0.001708984375,2.584e-06
ibm_marrakesh,2025-11-17_22:27:07,0.00027712698127909925,0.00017678952341173009,,,0.037109375,0.069580078125,0.004638671875,2.584e-06
ibm_marrakesh,2025-11-17_22:27:07,0.000123368346689165,3.801706982771716e-05,,,0.0218505859375,0.040283203125,0.00341796875,2.584e-06
ibm_marrakesh,2025-11-17_22:27:07,9.896317868634264e-05,4.062982408502425e-05,,,0.0089111328125,0.01416015625,0.003662109375,2.584e-06
ibm_marrakesh,2025-11-17_22:27:07,7.048668719087512e-06,8.949839647266632e-06,,,0.044189453125,0.076416015625,0.011962890625,2.584e-06
ibm_marrakesh,2025-11-17_22:27:07,0.00017808925318546948,9.635453094493883e-05,,,0.0103759765625,0.02490234375,0.0087890625,2.584e-06
ibm_marrakesh,2025-11-17_22:27:07,0.0002617633575492529,0.00012270255963583543,,,0.0228271484375,0.03076171875,0.014892578125,2.584e-06
ibm_marrakesh,2025-11-17_22:27:07,5.001741131519097e-05,4.409902959192338e-05,,,0.0447998046875,0.0439453125,0.045654296875,2.584e-06
ibm_marrakesh,2025-11-17_22:27:07,0.000245674665341435,6.271311859419113e-05,,,0.0072021484375,0.010009765625,0.00439453125,2.584e-06
ibm_marrakesh,2025-11-17_22:27:07,0.0001451520361479838,5.709167542844455e-05,,,0.0133056640625,0.017822265625,0.0087890625,2.584e-06
ibm_marrakesh,2025-11-17_22:27:07,0.0002897530880432553,4.0183326400385355e-05,,,0.0042724609375,0.0078125,0.000732421875,2.584e-06
ibm_marrakesh,2025-11-17_22:27:07,0.0001661944720017247,0.0001673099068390324,,,0.0205078125,0.0400390625,0.0009765625,2.584e-06
ibm_marrakesh,2025-11-17_22:27:07,0.00018429263276432433,0.000178213665719843,,,0.0042724609375,0.0078125,0.000732421875,2.584e-06
ibm_marrakesh,2025-11-17_22:27:07,0.00037122704668768477,0.0005359163611183658,,,0.0052490234375,0.00927734375,0.001220703125,2.584e-06
ibm_marrakesh,2025-11-17_22:27:07,0.0003028070955649859,0.00010685257471139024,,,0.00927734375,0.018310546875,0.000244140625,2.584e-06
ibm_marrakesh,2025-11-17_22:27:07,0.00010735234359041775,1.3256256838475531e-05,,,0.010009765625,0.015380859375,0.004638671875,2.584e-06
ibm_marrakesh,2025-11-17_22:27:07,0.0001105477428145646,2.412375900525066e-05,,,0.007080078125,0.012939453125,0.001220703125,2.584e-06
ibm_marrakesh,2025-11-17_22:27:07,0.00014307499008088341,9.71020307311932e-05,,,0.012451171875,0.020751953125,0.004150390625,2.584e-06
ibm_marrakesh,2025-11-17_22:27:07,0.00017442181971477318,0.00012347883983234806,,,0.225341796875,0.132568359375,0.318115234375,2.584e-06
ibm_marrakesh,2025-11-17_22:27:07,0.0002264286388645016,2.5952777526066983e-05,,,0.0142822265625,0.017578125,0.010986328125,2.584e-06
ibm_marrakesh,2025-11-17_22:27:07,0.00030856161724941873,0.00011814392136122336,,,0.004638671875,0.00634765625,0.0029296875,2.584e-06
ibm_marrakesh,2025-11-17_22:27:07,0.0003071783154101097,0.00010714480520959836,,,0.0106201171875,0.0166015625,0.004638671875,2.584e-06
ibm_marrakesh,2025-11-17_22:27:07,0.0001621487470819856,0.00018273006027164258,,,0.0125732421875,0.00537109375,0.01171875,2.584e-06
ibm_marrakesh,2025-11-17_22:27:07,9.199685660445831e-05,8.93239207854972e-05,,,0.008544921875,0.01416015625,0.0029296875,2.584e-06
ibm_marrakesh,2025-11-17_22:27:07,0.000265981470471287,0.00013052303102269872,,,0.0126953125,0.015625,0.009765625,2.584e-06
ibm_marrakesh,2025-11-17_22:27:07,0.00020485525914269167,9.929878404762614e-05,,,0.0052490234375,0.00634765625,0.004150390625,2.584e-06
ibm_marrakesh,2025-11-17_22:27:07,0.00026582447504470264,0.0003045768673574981,,,0.0625,0.09326171875,0.03173828125,2.584e-06
ibm_marrakesh,2025-11-17_22:27:07,0.00016256288289221647,0.00015239738157864425,,,0.007080078125,0.01318359375,0.0009765625,2.584e-06
ibm_marrakesh,2025-11-17_22:27:07,0.0002368842025247584,0.00018496872137107774,,,0.0299072265625,0.0439453125,0.015869140625,2.584e-06
ibm_marrakesh,2025-11-17_22:27:07,0.00023115197067600311,0.00031055328655991076,,,0.0743408203125,0.1044921875,0.044189453125,2.584e-06
ibm_marrakesh,2025-11-17_22:27:07,0.00018286658307767242,0.00011117545330467478,,,0.01025390625,0.011474609375,0.009033203125,2.584e-06
ibm_marrakesh,2025-11-17_22:27:07,0.00019175404454536637,0.00013832883456434323,,,0.006103515625,0.009765625,0.00244140625,2.584e-06
ibm_marrakesh,2025-11-17_22:27:07,0.00025894233655867466,0.00032853474993899514,,,0.0045166015625,0.006103515625,0.0029296875,2.584e-06
ibm_marrakesh,2025-11-17_22:27:07,0.0002134067964380926,7.625546495238177e-05,,,0.0208740234375,0.016357421875,0.025390625,2.584e-06
ibm_marrakesh,2025-11-17_22:27:07,0.00022315822716994894,7.778984504443839e-05,,,0.0126953125,0.01513671875,0.01025390625,2.584e-06
ibm_marrakesh,2025-11-17_22:27:07,0.00024902696709108377,0.0001785363153875641,,,0.0093994140625,0.010986328125,0.0078125,2.584e-06
ibm_marrakesh,2025-11-17_22:27:07,0.00024947632545699707,0.00025534622916644606,,,0.0333251953125,0.0419921875,0.024658203125,2.584e-06
ibm_marrakesh,2025-11-17_22:27:07,0.00016090124549657036,0.0001862013014566097,,,0.010498046875,0.015380859375,0.005615234375,2.584e-06
ibm_marrakesh,2025-11-17_22:27:07,0.0002162496882982222,0.00015442438180945453,,,0.0389404296875,0.027587890625,0.05029296875,2.584e-06
ibm_marrakesh,2025-11-17_22:27:07,0.00028743459865731717,0.0003030817486249663,,,0.013427734375,0.0205078125,0.012451171875,2.584e-06
ibm_marrakesh,2025-11-17_22:27:07,0.0001325238492349729,7.68395564012712e-05,,,0.0234375,0.044189453125,0.002685546875,2.584e-06
ibm_marrakesh,2025-11-17_22:27:07,0.00011909618828905474,0.00014866235030980683,,,0.134765625,0.083984375,0.185546875,2.584e-06
ibm_marrakesh,2025-11-17_22:27:07,0.0002138865769806958,0.00011943183830102975,,,0.007080078125,0.013427734375,0.000732421875,2.584e-06
ibm_marrakesh,2025-11-17_22:27:07,0.0002541788772085165,6.953359398045477e-05,,,0.0343017578125,0.029296875,0.039306640625,2.584e-06
ibm_marrakesh,2025-11-17_22:27:07,0.0001302787645510507,8.563430291706928e-05,,,0.0040283203125,0.007568359375,0.00048828125,2.584e-06
ibm_marrakesh,2025-11-17_22:27:07,0.00019609116782011495,9.706423945385265e-05,,,0.0584716796875,0.110107421875,0.0068359375,2.584e-06
ibm_marrakesh,2025-11-17_22:27:07,0.00010535713237366619,2.8927409463795694e-05,,,0.0177001953125,0.03466796875,0.000732421875,2.584e-06
ibm_marrakesh,2025-11-17_22:27:07,9.451369176697374e-05,1.4260957045300915e-05,,,0.029052734375,0.041748046875,0.016357421875,2.584e-06
ibm_marrakesh,2025-11-17_22:27:07,0.00017770364089635847,2.0292962783690217e-05,,,0.0103759765625,0.01611328125,0.004638671875,2.584e-06
ibm_marrakesh,2025-11-17_22:27:07,0.0001218804951352207,0.0001395442130688573,,,0.0042724609375,0.0078125,0.000732421875,2.584e-06
ibm_marrakesh,2025-11-17_22:27:07,0.00015146838758453614,6.017316428823183e-05,,,0.015869140625,0.02880859375,0.0029296875,2.584e-06
ibm_marrakesh,2025-11-17_22:27:07,0.00019978929572794953,0.00015626382668066152,,,0.0150146484375,0.02880859375,0.001220703125,2.584e-06
ibm_marrakesh,2025-11-17_22:27:07,0.00011261817188711202,1.3483565719073969e-05,,,0.017578125,0.020263671875,0.014892578125,2.584e-06
ibm_marrakesh,2025-11-17_22:27:07,0.00026481399503945917,0.000262762391892411,,,0.0052490234375,0.006103515625,0.00439453125,2.584e-06
ibm_marrakesh,2025-11-17_22:27:07,0.00014134755558822216,5.466847677883944e-05,,,0.008544921875,0.013671875,0.00341796875,2.584e-06
ibm_marrakesh,2025-11-17_22:27:07,0.00030883301030558473,0.00015895424213060224,,,0.0064697265625,0.01123046875,0.001708984375,2.584e-06
ibm_marrakesh,2025-11-17_22:27:07,0.00018548669078257847,0.00013532912985366388,,,0.0081787109375,0.0087890625,0.002685546875,2.584e-06
ibm_marrakesh,2025-11-17_22:27:07,0.00012285065910496356,4.143521183205784e-05,,,0.105712890625,0.081787109375,0.129638671875,2.584e-06
ibm_marrakesh,2025-11-17_22:27:07,0.00016089694009238087,4.570996058304353e-05,,,0.0042724609375,0.00830078125,0.000244140625,2.584e-06
ibm_marrakesh,2025-11-17_22:27:07,0.00022508276564107803,0.00022401806352954757,,,0.0909423828125,0.1416015625,0.040283203125,2.584e-06
ibm_marrakesh,2025-11-17_22:27:07,1.0034489956174083e-05,1.5188323492435231e-05,,,0.3795166015625,0.356201171875,0.40283203125,2.584e-06
ibm_marrakesh,2025-11-17_22:27:07,0.00016914619318294494,0.0001878590556709314,,,0.1422119140625,0.14013671875,0.144287109375,2.584e-06
ibm_marrakesh,2025-11-17_22:27:07,0.00020650071499704576,0.00018521125515610977,,,0.01318359375,0.02294921875,0.00341796875,2.584e-06
ibm_marrakesh,2025-11-17_22:27:07,0.00018453772346290978,6.097529442205168e-05,,,0.017578125,0.02783203125,0.00732421875,2.584e-06
ibm_marrakesh,2025-11-17_22:27:07,0.00016386599260222916,9.599275808077636e-05,,,0.0068359375,0.012451171875,0.001220703125,2.584e-06
ibm_marrakesh,2025-11-17_22:27:07,0.00021843054059370718,0.00017347532776887874,,,0.004638671875,0.008544921875,0.000732421875,2.584e-06
ibm_marrakesh,2025-11-17_22:27:07,0.00026803371151273413,0.0001927843873630325,,,0.021484375,0.028564453125,0.014404296875,2.584e-06
ibm_marrakesh,2025-11-17_22:27:07,0.00032952017263635197,0.0003580180966182142,,,0.00927734375,0.01318359375,0.00537109375,2.584e-06
ibm_marrakesh,2025-11-17_22:27:07,7.022865963568434e-05,6.120186974153517e-05,,,0.063720703125,0.05615234375,0.0712890625,2.584e-06
ibm_marrakesh,2025-11-17_22:27:07,0.0001646720579023312,0.00026436247571788867,,,0.0069580078125,0.0107421875,0.003173828125,2.584e-06
ibm_marrakesh,2025-11-17_22:27:07,0.000317166726892515,0.00027165761424522794,,,0.005126953125,0.003662109375,0.006591796875,2.584e-06
ibm_marrakesh,2025-11-17_22:27:07,0.00031240901897346444,0.00024844269427651023,,,0.0054931640625,0.009033203125,0.001953125,2.584e-06
ibm_marrakesh,2025-11-17_22:27:07,0.00029298773021393677,0.00026470554595011607,,,0.0045166015625,0.00732421875,0.001708984375,2.584e-06
ibm_marrakesh,2025-11-17_22:27:07,0.0001833388521820294,0.00027808824750021055,,,0.0106201171875,0.0107421875,0.0107421875,2.584e-06
ibm_marrakesh,2025-11-17_22:27:07,0.00016951774071785443,3.43900086389152e-05,,,0.036376953125,0.037353515625,0.035400390625,2.584e-06
ibm_marrakesh,2025-11-17_22:27:07,0.00023207214325243015,6.179068536340573e-05,,,0.0087890625,0.0126953125,0.0048828125,2.584e-06
ibm_marrakesh,2025-11-17_22:27:07,0.0002753405356132364,6.016266726131509e-05,,,0.002685546875,0.004638671875,0.000732421875,2.584e-06
ibm_marrakesh,2025-11-17_22:27:07,0.00016233861297514058,5.560226620475145e-05,,,0.0032958984375,0.005859375,0.000732421875,2.584e-06
ibm_marrakesh,2025-11-17_22:27:07,0.00010763201416352578,0.00010805598246057327,,,0.00927734375,0.011474609375,0.007080078125,2.584e-06
ibm_marrakesh,2025-11-17_22:27:07,0.00015542994651727507,7.475944144735199e-05,,,0.010986328125,0.01953125,0.00244140625,2.584e-06
ibm_marrakesh,2025-11-17_22:27:07,9.603571803303595e-05,7.007996940529626e-05,,,0.014892578125,0.025146484375,0.004638671875,2.584e-06
ibm_marrakesh,2025-11-17_22:27:07,9.355221376839436e-05,5.9620966588052126e-05,,,0.0045166015625,0.008544921875,0.00048828125,2.584e-06
ibm_marrakesh,2025-11-17_22:27:07,0.0003055501037005174,0.0002877297666346149,,,0.0078125,0.010498046875,0.005126953125,2.584e-06
ibm_marrakesh,2025-11-17_22:27:07,0.0001416787635334617,0.00010781508020397065,,,0.008056640625,0.011962890625,0.004150390625,2.584e-06
ibm_marrakesh,2025-11-17_22:27:07,0.00021882960581902074,0.00014373902333426056,,,0.0262451171875,0.02294921875,0.029541015625,2.584e-06
ibm_marrakesh,2025-11-17_22:27:07,0.0003734921332412912,0.0003784042322176233,,,0.01123046875,0.01171875,0.0107421875,2.584e-06
ibm_marrakesh,2025-11-17_22:27:07,1.9854414830848844e-05,2.4475887707570038e-05,,,0.015869140625,0.02294921875,0.0087890625,2.584e-06
ibm_marrakesh,2025-11-17_22:27:07,0.00029473587143946645,0.00010434140514624665,,,0.006591796875,0.00537109375,0.0078125,2.584e-06
ibm_marrakesh,2025-11-17_22:27:07,0.0002079079563169365,0.0001799790575305233,,,0.0325927734375,0.056884765625,0.00830078125,2.584e-06
ibm_marrakesh,2025-11-17_22:27:07,0.0001777411272878768,0.00010564721452328903,,,0.010986328125,0.0146484375,0.00732421875,2.584e-06
ibm_marrakesh,2025-11-17_22:27:07,0.0003065139113935632,0.00023308629810454718,,,0.0042724609375,0.0068359375,0.002685546875,2.584e-06
ibm_marrakesh,2025-11-17_22:27:07,0.00013922615507677824,0.00012111110201074951,,,0.2720947265625,0.508056640625,0.0361328125,2.584e-06
ibm_marrakesh,2025-11-17_22:27:07,0.0003278688307432449,0.0003680204666474255,,,0.004150390625,0.006591796875,0.001708984375,2.584e-06
ibm_marrakesh,2025-11-17_22:27:07,0.00020022336990511657,8.383589283404681e-05,,,0.0040283203125,0.006103515625,0.001953125,2.584e-06
ibm_marrakesh,2025-11-17_22:27:07,8.674969889872911e-05,8.477591789003187e-05,,,0.0169677734375,0.02392578125,0.010009765625,2.584e-06
ibm_marrakesh,2025-11-17_22:27:07,0.00019321498913830562,1.2639592665749489e-05,,,0.0135498046875,0.013671875,0.013427734375,2.584e-06
ibm_marrakesh,2025-11-17_22:27:07,0.0001049967717417369,4.9105334582985705e-05,,,0.0064697265625,0.008544921875,0.00439453125,2.584e-06
ibm_marrakesh,2025-11-17_22:27:07,0.0002320683273403181,7.56274732378708e-05,,,0.2037353515625,0.396240234375,0.01123046875,2.584e-06
ibm_marrakesh,2025-11-17_22:27:07,0.00015208083232990576,6.780477336690565e-05,,,0.0062255859375,0.012451171875,0,2.584e-06
ibm_marrakesh,2025-11-17_22:27:07,0.0001565545858608578,0.00017247821081559921,,,0.0250244140625,0.0380859375,0.011962890625,2.584e-06
ibm_marrakesh,2025-11-17_22:27:07,0.0002353517149548004,2.5016307606195618e-05,,,0.006103515625,0.010009765625,0.002197265625,2.584e-06
ibm_marrakesh,2025-11-17_22:27:07,0.00020153288150152917,9.8414221719708e-05,,,0.0068359375,0.01123046875,0.00244140625,2.584e-06
ibm_marrakesh,2025-11-17_22:27:07,0.00012630270345440953,0.00010708200933369337,,,0.0057373046875,0.009765625,0.001708984375,2.584e-06
ibm_marrakesh,2025-11-17_22:27:07,0.00019706480675030488,5.9996651651550036e-05,,,0.0078125,0.013427734375,0.002197265625,2.584e-06
ibm_marrakesh,2025-11-17_22:27:07,0.00019048327372658117,1.4446765989228903e-05,,,0.004638671875,0.008056640625,0.001220703125,2.584e-06
ibm_marrakesh,2025-11-17_22:27:07,0.00016308984834935541,1.973292986460753e-05,,,0.02685546875,0.034423828125,0.019287109375,2.584e-06
ibm_marrakesh,2025-11-17_22:27:07,0.0003119325277905689,0.0004177935386053402,,,0.0081787109375,0.01220703125,0.004150390625,2.584e-06
ibm_marrakesh,2025-11-17_22:27:07,0.0003022630262978003,0.0003078737784335242,,,0.0098876953125,0.0107421875,0.001953125,2.584e-06
ibm_marrakesh,2025-11-17_22:27:07,0.0003057292730453492,1.703325357952534e-05,,,0.12890625,0.117919921875,0.139892578125,2.584e-06
ibm_marrakesh,2025-11-17_22:27:07,0.00024456396224287966,0.00018385354607509342,,,0.029052734375,0.026123046875,0.031982421875,2.584e-06
ibm_marrakesh,2025-11-17_22:27:07,0.0003782905652724309,0.00010465687783303965,,,0.00732421875,0.0126953125,0.001953125,2.584e-06
ibm_marrakesh,2025-11-17_22:27:07,0.0004899512830817184,0.00028191450744640095,,,0.0062255859375,0.009521484375,0.0029296875,2.584e-06
ibm_marrakesh,2025-11-17_22:27:07,0.00022869334769038508,0.0001437614752848041,,,0.0064697265625,0.0087890625,0.004150390625,2.584e-06
ibm_marrakesh,2025-11-17_22:27:07,0.0003769424357015628,7.940088081472208e-05,,,0.08740234375,0.065185546875,0.109619140625,2.584e-06
ibm_marrakesh,2025-11-17_22:27:07,0.00024373068925791683,0.0001541607467853207,,,0.0062255859375,0.011474609375,0.0009765625,2.584e-06
ibm_marrakesh,2025-11-17_22:27:07,7.749451100787206e-05,1.698132593545379e-05,,,0.009033203125,0.01806640625,0,2.584e-06
ibm_marrakesh,2025-11-17_22:27:07,0.00025996435773168055,0.00018313334885299682,,,0.007568359375,0.0078125,0.00732421875,2.584e-06
ibm_marrakesh,2025-11-17_22:27:07,0.0001408873005882275,0.00018573327514436228,,,0.0047607421875,0.006591796875,0.0029296875,2.584e-06
ibm_marrakesh,2025-11-17_22:27:07,0.00018684001894690076,5.0024920008618436e-05,,,0.010009765625,0.015380859375,0.004638671875,2.584e-06
ibm_marrakesh,2025-11-17_22:27:07,0.00035937705850732146,0.0002705197367643159,,,0.0450439453125,0.028564453125,0.0615234375,2.584e-06
ibm_marrakesh,2025-11-17_22:27:07,0.00021729969275609902,0.0002227849007620849,,,0.0047607421875,0.0068359375,0.002685546875,2.584e-06
ibm_marrakesh,2025-11-17_22:27:07,0.00014210229525747043,5.457595244733666e-05,,,0.0137939453125,0.026123046875,0.00146484375,2.584e-06
ibm_marrakesh,2025-11-17_22:27:07,7.935075203720432e-05,6.563224141171706e-05,,,0.0115966796875,0.02197265625,0.001220703125,2.584e-06
ibm_marrakesh,2025-11-17_22:27:07,0.00018168491760798384,0.0001487383738645408,,,0.0308837890625,0.06005859375,0.001708984375,2.584e-06
ibm_marrakesh,2025-11-17_22:27:07,0.00015267966227520467,6.117502414230545e-05,,,0.005615234375,0.01025390625,0.001953125,2.584e-06
ibm_marrakesh,2025-11-17_22:27:07,0.00035722590449032045,9.222699849348071e-05,,,0.00439453125,0.005615234375,0.003173828125,2.584e-06
ibm_marrakesh,2025-11-17_22:27:07,0.00022365943588179493,0.00011164647343052054,,,0.0040283203125,0.007568359375,0.00048828125,2.584e-06
ibm_marrakesh,2025-11-17_22:27:07,0.0001059335418337819,8.196338576399833e-05,,,0.0048828125,0.0087890625,0.0009765625,2.584e-06
ibm_marrakesh,2025-11-17_22:27:07,0.0001687294271762405,0.00014708913270820577,,,0.0191650390625,0.034423828125,0.00390625,2.584e-06
ibm_marrakesh,2025-11-17_22:27:07,0.00019640257465470968,9.543512452250434e-05,,,0.00830078125,0.013671875,0.0029296875,2.584e-06
ibm_marrakesh,2025-11-17_22:27:07,0.00020807514844933779,0.00010427907942195586,,,0.026611328125,0.022216796875,0.031005859375,2.584e-06
ibm_marrakesh,2025-11-17_22:27:07,0.00021458425620362654,0.00020478288646124594,,,0.0029296875,0.00390625,0.001953125,2.584e-06
ibm_marrakesh,2025-11-17_22:27:07,0.0003540395037488257,1.952350645950625e-05,,,0.0062255859375,0.008056640625,0.00439453125,2.584e-06
ibm_marrakesh,2025-11-17_22:27:07,0.00038807800604233404,0.00014364301130150841,,,0.006103515625,0.007080078125,0.005126953125,2.584e-06
