nom,time,T1,T2,frequency,anharmonicity,readout_error,prob_meas0_prep1,prob_meas1_prep0,readout_length
ibm_fez,2025-11-24_11:17:08,6.319653204912276e-05,5.214531027883771e-05,,,0.009765625,0.01708984375,0.00244140625,1.56e-06
ibm_fez,2025-11-24_11:17:08,0.0001604514526135523,0.00021006445107002618,,,0.02587890625,0.02978515625,0.02197265625,1.56e-06
ibm_fez,2025-11-24_11:17:08,0.00019137331410452762,0.00012969631441312227,,,0.00439453125,0.00634765625,0.00244140625,1.56e-06
ibm_fez,2025-11-24_11:17:08,0.00017165850197030868,0.0001796892632742648,,,0.023681640625,0.02099609375,0.0263671875,1.56e-06
ibm_fez,2025-11-24_11:17:08,0.00017413231042366474,0.0001288675540201876,,,0.00341796875,0.00634765625,0.00048828125,1.56e-06
ibm_fez,2025-11-24_11:17:08,0.00020628233618426975,0.00018872241561950458,,,0.006591796875,0.00927734375,0.00390625,1.56e-06
ibm_fez,2025-11-24_11:17:08,0.00023654370230000464,0.00011629017089041618,,,0.006103515625,0.005859375,0.00634765625,1.56e-06
ibm_fez,2025-11-24_11:17:08,0.00013196325886055888,4.007803965292776e-05,,,0.02099609375,0.03173828125,0.01025390625,1.56e-06
ibm_fez,2025-11-24_11:17:08,0.00013964028568749396,5.720429253876449e-05,,,0.005126953125,0.00732421875,0.0029296875,1.56e-06
ibm_fez,2025-11-24_11:17:08,0.00013344281142297062,2.6472774473015077e-05,,,0.00927734375,0.01025390625,0.00830078125,1.56e-06
ibm_fez,2025-11-24_11:17:08,0.0002041716297252208,0.0001548081482470451,,,0.0029296875,0.00390625,0.001953125,1.56e-06
ibm_fez,2025-11-24_11:17:08,8.856571160698802e-05,6.73409068488241e-05,,,0.031005859375,0.033203125,0.02880859375,1.56e-06
ibm_fez,2025-11-24_11:17:08,7.622738394061391e-05,8.098161572239787e-05,,,0.024169921875,0.02978515625,0.0185546875,1.56e-06
ibm_fez,2025-11-24_11:17:08,0.0002644896588508029,0.00018535040473970118,,,0.0185546875,0.0224609375,0.0146484375,1.56e-06
ibm_fez,2025-11-24_11:17:08,0.00019710958772088457,7.895293506760558e-05,,,0.008056640625,0.01025390625,0.005859375,1.56e-06
ibm_fez,2025-11-24_11:17:08,0.00021314981365121817,0.00013182456737645875,,,0.017333984375,0.0302734375,0.00439453125,1.56e-06
ibm_fez,2025-11-24_11:17:08,5.138240274719569e-05,5.960987212400097e-05,,,0.00537109375,0.009765625,0.0009765625,1.56e-06
ibm_fez,2025-11-24_11:17:08,0.00016904837871773421,9.816421940121884e-05,,,0.00537109375,0.00927734375,0.00146484375,1.56e-06
ibm_fez,2025-11-24_11:17:08,0.00010017421185498406,5.1272452732503254e-05,,,0.0048828125,0.0087890625,0.0009765625,1.56e-06
ibm_fez,2025-11-24_11:17:08,0.0001448935885625891,0.0001386686334907648,,,0.0068359375,0.01123046875,0.00244140625,1.56e-06
ibm_fez,2025-11-24_11:17:08,0.00018323062368027598,0.00019625339961097505,,,0.006591796875,0.0107421875,0.00244140625,1.56e-06
ibm_fez,2025-11-24_11:17:08,7.917675897616554e-05,9.259386506430736e-05,,,0.005859375,0.00927734375,0.00244140625,1.56e-06
ibm_fez,2025-11-24_11:17:08,0.00016751171459670572,0.0001203205524217266,,,0.003662109375,0.00634765625,0.0009765625,1.56e-06
ibm_fez,2025-11-24_11:17:08,0.00022662561261942298,0.000192585093286127,,,0.004638671875,0.00927734375,0,1.56e-06
ibm_fez,2025-11-24_11:17:08,0.00013921144959458826,0.0001475484335791622,,,0.010009765625,0.01611328125,0.00390625,1.56e-06
ibm_fez,2025-11-24_11:17:08,0.00014839662125797713,0.00013420758288202364,,,0.010498046875,0.013671875,0.00732421875,1.56e-06
ibm_fez,2025-11-24_11:17:08,9.025642862851887e-05,7.06230694638121e-05,,,0.009033203125,0.01513671875,0.0029296875,1.56e-06
ibm_fez,2025-11-24_11:17:08,0.00012381432885721113,0.00011235627756463713,,,0.0107421875,0.02099609375,0.00048828125,1.56e-06
ibm_fez,2025-11-24_11:17:08,0.0001945240201176232,0.00020096623710339024,,,0.0078125,0.01416015625,0.00146484375,1.56e-06
ibm_fez,2025-11-24_11:17:08,0.00016126549584648785,4.853486087602775e-05,,,0.012451171875,0.0146484375,0.01025390625,1.56e-06
ibm_fez,2025-11-24_11:17:08,0.00017388995365148356,0.00013084510085660918,,,0.0078125,0.0107421875,0.0048828125,1.56e-06
ibm_fez,2025-11-24_11:17:08,9.85839499042973e-05,7.171409799216677e-05,,,0.017333984375,0.02587890625,0.0087890625,1.56e-06
ibm_fez,2025-11-24_11:17:08,0.00013148016884005333,0.0001274049847601118,,,0.047119140625,0.06396484375,0.0302734375,1.56e-06
ibm_fez,2025-11-24_11:17:08,0.00013783037281919677,0.00014046394935450182,,,0.013671875,0.01953125,0.0078125,1.56e-06
ibm_fez,2025-11-24_11:17:08,0.0001204908188326354,4.9935035742839395e-05,,,0.0087890625,0.01171875,0.005859375,1.56e-06
ibm_fez,2025-11-24_11:17:08,0.000168675571180469,4.4943576773373216e-05,,,0.017822265625,0.02880859375,0.0068359375,1.56e-06
ibm_fez,2025-11-24_11:17:08,0.00010034105625534186,8.794019134995445e-05,,,0.005126953125,0.00732421875,0.0029296875,1.56e-06
ibm_fez,2025-11-24_11:17:08,0.00017594445158084838,0.00017669693762894227,,,0.010009765625,0.01416015625,0.005859375,1.56e-06
ibm_fez,2025-11-24_11:17:08,9.383023199155332e-05,0.0001212340761575506,,,0.008056640625,0.01220703125,0.00390625,1.56e-06
ibm_fez,2025-11-24_11:17:08,5.607938583036214e-05,8.366045722805599e-05,,,0.013916015625,0.01904296875,0.0087890625,1.56e-06
ibm_fez,2025-11-24_11:17:08,0.00011840091857372372,0.00014311676520045383,,,0.018310546875,0.02392578125,0.0126953125,1.56e-06
ibm_fez,2025-11-24_11:17:08,0.00012541097839193787,9.61295607362879e-05,,,0.06787109375,0.08984375,0.0458984375,1.56e-06
ibm_fez,2025-11-24_11:17:08,8.433116618522974e-05,4.1522900213480284e-05,,,0.008544921875,0.009765625,0.00732421875,1.56e-06
ibm_fez,2025-11-24_11:17:08,0.00014155204252531663,8.800295508772725e-05,,,0.09228515625,0.09619140625,0.08837890625,1.56e-06
ibm_fez,2025-11-24_11:17:08,0.00017635382683863518,0.00018465471902112996,,,0.0068359375,0.009765625,0.00390625,1.56e-06
ibm_fez,2025-11-24_11:17:08,0.000167525158877199,0.00018314579547455887,,,0.044189453125,0.0419921875,0.04638671875,1.56e-06
ibm_fez,2025-11-24_11:17:08,0.00013188696877965755,1.0965160759981706e-05,,,0.005859375,0.0078125,0.00390625,1.56e-06
ibm_fez,2025-11-24_11:17:08,0.00015689982632290377,6.657542765754283e-05,,,0.0244140625,0.0234375,0.025390625,1.56e-06
ibm_fez,2025-11-24_11:17:08,0.0001238246097387696,4.3273501441089617e-05,,,0.004638671875,0.00830078125,0.0009765625,1.56e-06
ibm_fez,2025-11-24_11:17:08,0.00010644098566528899,3.877351867535507e-05,,,0.01708984375,0.02197265625,0.01220703125,1.56e-06
ibm_fez,2025-11-24_11:17:08,0.00016495452290545866,0.00011340371529194084,,,0.004150390625,0.00830078125,0,1.56e-06
ibm_fez,2025-11-24_11:17:08,5.899461037195277e-05,6.329105520390562e-05,,,0.035400390625,0.03173828125,0.0390625,1.56e-06
ibm_fez,2025-11-24_11:17:08,9.893166174646248e-05,9.014694019584077e-05,,,0.004150390625,0.00732421875,0.0009765625,1.56e-06
ibm_fez,2025-11-24_11:17:08,0.0001507483163088339,1.3214887936749045e-05,,,0.049072265625,0.0654296875,0.03271484375,1.56e-06
ibm_fez,2025-11-24_11:17:08,0.00012661806004177204,0.00014431406652026758,,,0.00341796875,0.00634765625,0.00048828125,1.56e-06
ibm_fez,2025-11-24_11:17:08,9.343401037658993e-05,9.998160848485936e-05,,,0.057861328125,0.103515625,0.01220703125,1.56e-06
ibm_fez,2025-11-24_11:17:08,0.00013541538337549013,0.00016529089666564886,,,0.00634765625,0.0107421875,0.001953125,1.56e-06
ibm_fez,2025-11-24_11:17:08,0.00016110998989096408,4.1490085087717814e-05,,,0.00830078125,0.01416015625,0.00244140625,1.56e-06
ibm_fez,2025-11-24_11:17:08,0.00013637423964921945,0.00013424172666484215,,,0.006103515625,0.01171875,0.00048828125,1.56e-06
ibm_fez,2025-11-24_11:17:08,0.00012686967086723754,0.00012939076832682128,,,0.00732421875,0.009765625,0.0048828125,1.56e-06
ibm_fez,2025-11-24_11:17:08,0.00015695648986842044,4.195971898410051e-05,,,0.02978515625,0.03173828125,0.02783203125,1.56e-06
ibm_fez,2025-11-24_11:17:08,0.00013038334562969728,9.601083803960638e-05,,,0.03271484375,0.0322265625,0.033203125,1.56e-06
ibm_fez,2025-11-24_11:17:08,0.00011833776331723963,5.0240974575636094e-05,,,0.017578125,0.02587890625,0.00927734375,1.56e-06
ibm_fez,2025-11-24_11:17:08,0.0001310164015239963,1.3085245971820834e-05,,,0.029296875,0.0390625,0.01953125,1.56e-06
ibm_fez,2025-11-24_11:17:08,0.00015131894781975013,0.00012405854981573203,,,0.004638671875,0.0087890625,0.00048828125,1.56e-06
ibm_fez,2025-11-24_11:17:08,2.6298184776314832e-05,5.5080595488226324e-05,,,0.09814453125,0.09130859375,0.10498046875,1.56e-06
ibm_fez,2025-11-24_11:17:08,9.547632069953001e-05,1.647839035182614e-05,,,0.01025390625,0.01318359375,0.00732421875,1.56e-06
ibm_fez,2025-11-24_11:17:08,0.00012450052277336663,5.25534847267529e-05,,,0.049560546875,0.06396484375,0.03515625,1.56e-06
ibm_fez,2025-11-24_11:17:08,0.00010635162413929827,8.940137821822763e-05,,,0.006591796875,0.01123046875,0.001953125,1.56e-06
ibm_fez,2025-11-24_11:17:08,0.00013572956706424153,6.93069137323431e-05,,,0.00927734375,0.015625,0.0029296875,1.56e-06
ibm_fez,2025-11-24_11:17:08,9.130124479746248e-05,8.470376649963785e-05,,,0.0048828125,0.009765625,0,1.56e-06
ibm_fez,2025-11-24_11:17:08,0.00015070763590563398,0.00013490049119345437,,,0.00537109375,0.0078125,0.0029296875,1.56e-06
ibm_fez,2025-11-24_11:17:08,8.837965662986427e-06,9.915649886504495e-05,,,0.489501953125,0.1220703125,0.85693359375,1.56e-06
ibm_fez,2025-11-24_11:17:08,0.00020871802934529823,8.721748742260437e-05,,,0.013671875,0.01611328125,0.01123046875,1.56e-06
ibm_fez,2025-11-24_11:17:08,0.00011317473149840823,0.00011267450355710849,,,0.006103515625,0.00927734375,0.0029296875,1.56e-06
ibm_fez,2025-11-24_11:17:08,0.00017139337882590765,0.00015351344737793342,,,0.00537109375,0.005859375,0.0048828125,1.56e-06
ibm_fez,2025-11-24_11:17:08,0.00010200230210875071,8.183092869868627e-05,,,0.0390625,0.04736328125,0.03076171875,1.56e-06
ibm_fez,2025-11-24_11:17:08,0.0001278603924637036,4.9848038819964436e-05,,,0.00830078125,0.01123046875,0.00537109375,1.56e-06
ibm_fez,2025-11-24_11:17:08,9.978927079796649e-05,8.837905640103803e-05,,,0.014404296875,0.01708984375,0.01171875,1.56e-06
ibm_fez,2025-11-24_11:17:08,0.00015679269518025288,4.55169019794988e-05,,,0.007568359375,0.01220703125,0.0029296875,1.56e-06
ibm_fez,2025-11-24_11:17:08,0.0001846047432477279,0.0001878034643404818,,,0.00537109375,0.01025390625,0.00048828125,1.56e-06
ibm_fez,2025-11-24_11:17:08,0.0002051237470939629,2.1291309735835758e-05,,,0.01513671875,0.01708984375,0.01318359375,1.56e-06
ibm_fez,2025-11-24_11:17:08,0.00011627775950323076,2.8876875159655597e-05,,,0.005126953125,0.0087890625,0.00146484375,1.56e-06
ibm_fez,2025-11-24_11:17:08,0.0001232020788841136,0.00014005770080887053,,,0.0927734375,0.083984375,0.1015625,1.56e-06
ibm_fez,2025-11-24_11:17:08,0.00014324119489812372,0.00015054451129867973,,,0.003662109375,0.00634765625,0.0009765625,1.56e-06
ibm_fez,2025-11-24_11:17:08,0.0001389139984332483,3.360869055320167e-05,,,0.008544921875,0.01171875,0.00537109375,1.56e-06
ibm_fez,2025-11-24_11:17:08,0.00016504324342786022,0.0001032309683989058,,,0.0048828125,0.005859375,0.00390625,1.56e-06
ibm_fez,2025-11-24_11:17:08,0.00015752505524697374,0.000227551012644678,,,0.04052734375,0.0576171875,0.0234375,1.56e-06
ibm_fez,2025-11-24_11:17:08,0.00013602537922223753,0.0001909172382630945,,,0.004638671875,0.00830078125,0.0009765625,1.56e-06
ibm_fez,2025-11-24_11:17:08,0.00010172209649823655,6.97356092822007e-05,,,0.013671875,0.0166015625,0.0107421875,1.56e-06
ibm_fez,2025-11-24_11:17:08,0.00014005963183326547,0.00013070222331796927,,,0.005615234375,0.0048828125,0.00634765625,1.56e-06
ibm_fez,2025-11-24_11:17:08,0.00017814546440529208,1.991732365593934e-05,,,0.018310546875,0.02587890625,0.0107421875,1.56e-06
ibm_fez,2025-11-24_11:17:08,0.0001414375296420821,0.00019706754714595237,,,0.005126953125,0.0078125,0.00244140625,1.56e-06
ibm_fez,2025-11-24_11:17:08,0.00027011292744288896,0.00021801746396422678,,,0.019287109375,0.02880859375,0.009765625,1.56e-06
ibm_fez,2025-11-24_11:17:08,0.00012089342291139283,4.900767403851192e-05,,,0.009521484375,0.0087890625,0.01025390625,1.56e-06
ibm_fez,2025-11-24_11:17:08,0.0001242291863836877,0.0001387164057013999,,,0.007080078125,0.0107421875,0.00341796875,1.56e-06
ibm_fez,2025-11-24_11:17:08,0.00010576804925280909,0.00011677469114775024,,,0.003173828125,0.0048828125,0.00146484375,1.56e-06
ibm_fez,2025-11-24_11:17:08,0.00011669598403820614,0.00013844841958532764,,,0.007080078125,0.0126953125,0.00146484375,1.56e-06
ibm_fez,2025-11-24_11:17:08,8.038088954629708e-05,1.6868079911516035e-05,,,0.005615234375,0.0078125,0.00341796875,1.56e-06
ibm_fez,2025-11-24_11:17:08,0.000126892526268497,4.108982817026755e-05,,,0.014404296875,0.01611328125,0.0126953125,1.56e-06
ibm_fez,2025-11-24_11:17:08,0.0001355485827942757,2.9372223376600212e-05,,,0.006591796875,0.01025390625,0.0029296875,1.56e-06
ibm_fez,2025-11-24_11:17:08,0.00017817523190093154,0.00019106945386785227,,,0.052978515625,0.05322265625,0.052734375,1.56e-06
ibm_fez,2025-11-24_11:17:08,0.00011152942408288083,6.930801280589876e-05,,,0.017578125,0.03125,0.00390625,1.56e-06
ibm_fez,2025-11-24_11:17:08,8.422709234333092e-05,0.0001063460098288629,,,0.004150390625,0.00830078125,0,1.56e-06
ibm_fez,2025-11-24_11:17:08,9.458585440795525e-05,8.990874356109524e-05,,,0.0087890625,0.01318359375,0.00439453125,1.56e-06
ibm_fez,2025-11-24_11:17:08,0.00015480819704803228,0.00015005490694615058,,,0.017333984375,0.021484375,0.01318359375,1.56e-06
ibm_fez,2025-11-24_11:17:08,0.00013601891277332227,0.00015611970729725592,,,0.006103515625,0.00927734375,0.0029296875,1.56e-06
ibm_fez,2025-11-24_11:17:08,6.73341258776689e-05,1.939200209997862e-05,,,0.005859375,0.00830078125,0.00341796875,1.56e-06
ibm_fez,2025-11-24_11:17:08,0.00012142852967734382,0.0001203558122931715,,,0.005859375,0.01025390625,0.00146484375,1.56e-06
ibm_fez,2025-11-24_11:17:08,0.00012642184881646922,6.700982798918096e-05,,,0.009765625,0.01708984375,0.00244140625,1.56e-06
ibm_fez,2025-11-24_11:17:08,0.00021044309173033938,0.00013639417030153088,,,0.005859375,0.01123046875,0.00048828125,1.56e-06
ibm_fez,2025-11-24_11:17:08,0.00013553319378313984,9.568944981920564e-05,,,0.009521484375,0.01171875,0.00732421875,1.56e-06
ibm_fez,2025-11-24_11:17:08,0.00012960258561701908,0.00011711676340859385,,,0.008544921875,0.01171875,0.00537109375,1.56e-06
ibm_fez,2025-11-24_11:17:08,0.0001624513257978448,3.583575004678739e-05,,,0.065673828125,0.07421875,0.05712890625,1.56e-06
ibm_fez,2025-11-24_11:17:08,0.00012822134992084778,0.00010061587006446913,,,0.005615234375,0.00830078125,0.0029296875,1.56e-06
ibm_fez,2025-11-24_11:17:08,0.00011220070750517584,0.00015849331404002643,,,0.00537109375,0.0087890625,0.001953125,1.56e-06
ibm_fez,2025-11-24_11:17:08,0.00013596254494701768,0.00013089821303578496,,,0.010986328125,0.0146484375,0.00732421875,1.56e-06
ibm_fez,2025-11-24_11:17:08,0.00015761588515471193,0.00019872512741809468,,,0.01708984375,0.0166015625,0.017578125,1.56e-06
ibm_fez,2025-11-24_11:17:08,0.00011960094353831468,4.9447925870670384e-05,,,0.005859375,0.0087890625,0.0029296875,1.56e-06
ibm_fez,2025-11-24_11:17:08,7.464078062512338e-05,5.738263325271506e-05,,,0.0185546875,0.01904296875,0.01806640625,1.56e-06
ibm_fez,2025-11-24_11:17:08,0.0001571085370030147,0.00018742653303086703,,,0.00732421875,0.00732421875,0.00732421875,1.56e-06
ibm_fez,2025-11-24_11:17:08,0.00016843177211779372,0.0001590181748256639,,,0.010009765625,0.01171875,0.00830078125,1.56e-06
ibm_fez,2025-11-24_11:17:08,0.0002338190523629224,6.828707946397439e-05,,,0.009033203125,0.0166015625,0.00146484375,1.56e-06
ibm_fez,2025-11-24_11:17:08,0.00016712605570081917,0.00014378740182454763,,,0.005859375,0.01123046875,0.00048828125,1.56e-06
ibm_fez,2025-11-24_11:17:08,6.615775500970025e-05,6.741993412809181e-05,,,0.00732421875,0.0146484375,0,1.56e-06
ibm_fez,2025-11-24_11:17:08,0.00015210569437113306,6.056603493187206e-05,,,0.02099609375,0.0341796875,0.0078125,1.56e-06
ibm_fez,2025-11-24_11:17:08,0.00012759140861020582,7.133134301915953e-05,,,0.004150390625,0.00732421875,0.0009765625,1.56e-06
ibm_fez,2025-11-24_11:17:08,0.00011338154534336246,0.00010364721418906273,,,0.007568359375,0.01318359375,0.001953125,1.56e-06
ibm_fez,2025-11-24_11:17:08,0.00013048387585704496,5.207313853105926e-05,,,0.009765625,0.013671875,0.005859375,1.56e-06
ibm_fez,2025-11-24_11:17:08,0.0001256554680983344,9.118947431465734e-05,,,0.017333984375,0.0205078125,0.01416015625,1.56e-06
ibm_fez,2025-11-24_11:17:08,0.00013946530683261476,0.00015196488054396764,,,0.002685546875,0.00537109375,0,1.56e-06
ibm_fez,2025-11-24_11:17:08,0.00022259138215722466,0.00028106295073260413,,,0.158935546875,0.16455078125,0.1533203125,1.56e-06
ibm_fez,2025-11-24_11:17:08,0.0001550456017464925,0.00019155737996373595,,,0.0068359375,0.0107421875,0.0029296875,1.56e-06
ibm_fez,2025-11-24_11:17:08,0.0001310219644719661,5.976863462342568e-05,,,0.01123046875,0.01904296875,0.00341796875,1.56e-06
ibm_fez,2025-11-24_11:17:08,0.00011790592091402608,3.7702423286215445e-05,,,0.004638671875,0.00830078125,0.0009765625,1.56e-06
ibm_fez,2025-11-24_11:17:08,0.00016566424182651792,0.00016996436779412346,,,0.037109375,0.05908203125,0.01513671875,1.56e-06
ibm_fez,2025-11-24_11:17:08,0.0001555544618672263,0.00012741977958755004,,,0.006103515625,0.01171875,0.00048828125,1.56e-06
ibm_fez,2025-11-24_11:17:08,0.00015115121284925827,0.000167825421890595,,,0.005859375,0.01123046875,0.00048828125,1.56e-06
ibm_fez,2025-11-24_11:17:08,9.907258701145954e-05,0.00013832533426282037,,,0.0087890625,0.01611328125,0.00146484375,1.56e-06
ibm_fez,2025-11-24_11:17:08,0.00010574033811312157,4.1378748458771674e-05,,,0.008056640625,0.01611328125,0,1.56e-06
ibm_fez,2025-11-24_11:17:08,0.00011121274152173362,0.00019008404675390048,,,0.01318359375,0.0185546875,0.0078125,1.56e-06
ibm_fez,2025-11-24_11:17:08,0.00013189122461787806,8.021592351322095e-05,,,0.008544921875,0.01513671875,0.001953125,1.56e-06
ibm_fez,2025-11-24_11:17:08,0.0001740468180548079,0.00019977605708349722,,,0.003662109375,0.005859375,0.00146484375,1.56e-06
ibm_fez,2025-11-24_11:17:08,0.00018926334800611194,0.00018352386358690533,,,0.004150390625,0.005859375,0.00244140625,1.56e-06
ibm_fez,2025-11-24_11:17:08,0.00014431873367768707,0.00015023944038353322,,,0.007080078125,0.0126953125,0.00146484375,1.56e-06
ibm_fez,2025-11-24_11:17:08,0.00017429257842316504,0.00014767525499659174,,,0.017578125,0.0234375,0.01171875,1.56e-06
ibm_fez,2025-11-24_11:17:08,7.618496760193028e-05,2.221465584428709e-05,,,0.005126953125,0.0087890625,0.00146484375,1.56e-06
ibm_fez,2025-11-24_11:17:08,0.00011059299694418588,0.00010229914733772044,,,0.006591796875,0.01123046875,0.001953125,1.56e-06
ibm_fez,2025-11-24_11:17:08,0.00010381350337664721,0.00012939502794436398,,,0.010498046875,0.01953125,0.00146484375,1.56e-06
ibm_fez,2025-11-24_11:17:08,7.749278202917155e-05,4.7253374312670765e-06,,,0.04931640625,0.05615234375,0.04248046875,1.56e-06
ibm_fez,2025-11-24_11:17:08,0.00017116201487742144,6.421504563766677e-06,,,0.005615234375,0.01025390625,0.0009765625,1.56e-06
ibm_fez,2025-11-24_11:17:08,6.496354346330495e-05,8.73120024689684e-05,,,0.0107421875,0.01708984375,0.00439453125,1.56e-06
ibm_fez,2025-11-24_11:17:08,0.00014932346380852038,0.00018942989086650423,,,0.0068359375,0.01318359375,0.00048828125,1.56e-06
ibm_fez,2025-11-24_11:17:08,0.00014035157184011916,3.694070962093351e-05,,,0.006591796875,0.01171875,0.00146484375,1.56e-06
ibm_fez,2025-11-24_11:17:08,0.0001818518902267772,0.00011023201797060642,,,0.0048828125,0.00732421875,0.00244140625,1.56e-06
ibm_fez,2025-11-24_11:17:08,0.00017655869934652703,1.4521403335069443e-05,,,0.00830078125,0.0126953125,0.00390625,1.56e-06
ibm_marrakesh,2025-11-24_11:17:08,0.0003005059777877827,4.308227185945998e-05,,,0.0145263671875,0.02734375,0.001708984375,2.584e-06
ibm_marrakesh,2025-11-24_11:17:08,0.00018008373236559278,0.00014864790007719126,,,0.00830078125,0.014892578125,0.001708984375,2.584e-06
ibm_marrakesh,2025-11-24_11:17:08,0.0003239892940579365,0.000302589320426076,,,0.0029296875,0.005126953125,0.000732421875,2.584e-06
ibm_marrakesh,2025-11-24_11:17:08,0.00023049778303591462,0.0001733289339910032,,,0.007568359375,0.0078125,0.00732421875,2.584e-06
ibm_marrakesh,2025-11-24_11:17:08,0.00014802213799023026,2.5695556821078575e-05,,,0.007568359375,0.0126953125,0.00244140625,2.584e-06
ibm_marrakesh,2025-11-24_11:17:08,0.00020449672534714994,2.8637435197721797e-05,,,0.009765625,0.01806640625,0.00146484375,2.584e-06
ibm_marrakesh,2025-11-24_11:17:08,0.0002891681762798617,5.029158062996935e-05,,,0.0040283203125,0.004150390625,0.00390625,2.584e-06
ibm_marrakesh,2025-11-24_11:17:08,0.00019924567505292368,2.766318509907574e-05,,,0.0540771484375,0.033447265625,0.07470703125,2.584e-06
ibm_marrakesh,2025-11-24_11:17:08,0.00023868114907651486,2.7963121857720142e-05,,,0.0076904296875,0.012451171875,0.0029296875,2.584e-06
ibm_marrakesh,2025-11-24_11:17:08,0.00017144307651383131,4.940589791561166e-05,,,0.0189208984375,0.031005859375,0.0068359375,2.584e-06
ibm_marrakesh,2025-11-24_11:17:08,0.0001606060010546834,4.771360704549499e-05,,,0.006591796875,0.00830078125,0.00244140625,2.584e-06
ibm_marrakesh,2025-11-24_11:17:08,0.00035787754005202316,5.3124458769908545e-05,,,0.019287109375,0.033447265625,0.005126953125,2.584e-06
ibm_marrakesh,2025-11-24_11:17:08,0.0002163124317772567,0.00013291734771103778,,,0.00439453125,0.00634765625,0.00244140625,2.584e-06
ibm_marrakesh,2025-11-24_11:17:08,0.00014445267407066538,0.0001618582434318842,,,0.018798828125,0.014404296875,0.023193359375,2.584e-06
ibm_marrakesh,2025-11-24_11:17:08,0.0003921424030723978,0.00013541771279255746,,,0.001708984375,0.002685546875,0.000732421875,2.584e-06
ibm_marrakesh,2025-11-24_11:17:08,0.00020438036957027482,2.7385218680080974e-05,,,0.003662109375,0.006591796875,0.000732421875,2.584e-06
ibm_marrakesh,2025-11-24_11:17:08,0.00014465378282964037,8.427912999115808e-05,,,0.004638671875,0.008544921875,0.000732421875,2.584e-06
ibm_marrakesh,2025-11-24_11:17:08,0.00015860963622764396,9.554189302000941e-06,,,0.005615234375,0.0087890625,0.00244140625,2.584e-06
ibm_marrakesh,2025-11-24_11:17:08,0.00011878827088680695,4.029652561024773e-05,,,0.0086669921875,0.016845703125,0.00048828125,2.584e-06
ibm_marrakesh,2025-11-24_11:17:08,0.00017375167094334942,6.183871156717805e-05,,,0.0047607421875,0.007080078125,0.00244140625,2.584e-06
ibm_marrakesh,2025-11-24_11:17:08,0.0001285578309765814,5.854241336588698e-05,,,0.0084228515625,0.016845703125,0,2.584e-06
ibm_marrakesh,2025-11-24_11:17:08,0.0002701010276367076,6.290060323164832e-05,,,0.0035400390625,0.005615234375,0.00146484375,2.584e-06
ibm_marrakesh,2025-11-24_11:17:08,0.00014330311695308226,2.770429454075272e-05,,,0.0040283203125,0.007080078125,0.0009765625,2.584e-06
ibm_marrakesh,2025-11-24_11:17:08,0.00022043100476628794,0.00016087902577767148,,,0.1046142578125,0.068359375,0.140869140625,2.584e-06
ibm_marrakesh,2025-11-24_11:17:08,0.00014821120483461046,3.1052811500056104e-05,,,0.0203857421875,0.0302734375,0.010498046875,2.584e-06
ibm_marrakesh,2025-11-24_11:17:08,0.00010379760393247012,2.330682733872854e-05,,,0.007080078125,0.01318359375,0.0009765625,2.584e-06
ibm_marrakesh,2025-11-24_11:17:08,6.988730700535469e-06,8.840281995705424e-06,,,0.0447998046875,0.076416015625,0.01318359375,2.584e-06
ibm_marrakesh,2025-11-24_11:17:08,0.00018850860046812283,3.750208668285559e-05,,,0.0050048828125,0.01318359375,0.002685546875,2.584e-06
ibm_marrakesh,2025-11-24_11:17:08,0.0002600872101619151,4.817654768256154e-05,,,0.009765625,0.014404296875,0.005126953125,2.584e-06
ibm_marrakesh,2025-11-24_11:17:08,7.150163061053755e-05,3.163728563636128e-05,,,0.0748291015625,0.147216796875,0.00244140625,2.584e-06
ibm_marrakesh,2025-11-24_11:17:08,0.0002139002828350821,4.717813648171711e-05,,,0.0159912109375,0.029541015625,0.00244140625,2.584e-06
ibm_marrakesh,2025-11-24_11:17:08,0.0001393383793037996,3.0379068247581657e-05,,,0.138916015625,0.261962890625,0.015869140625,2.584e-06
ibm_marrakesh,2025-11-24_11:17:08,0.00017011068973405753,2.5680690708989754e-05,,,0.0086669921875,0.0146484375,0.002685546875,2.584e-06
ibm_marrakesh,2025-11-24_11:17:08,0.00015066810812206636,0.00013976722705316395,,,0.0096435546875,0.0185546875,0.000732421875,2.584e-06
ibm_marrakesh,2025-11-24_11:17:08,0.00016963517625342132,0.00015949191739612713,,,0.00537109375,0.009521484375,0.001220703125,2.584e-06
ibm_marrakesh,2025-11-24_11:17:08,0.0003755184998205574,0.0004566626088529493,,,0.011474609375,0.018310546875,0.004638671875,2.584e-06
ibm_marrakesh,2025-11-24_11:17:08,0.00025746223063477264,2.9809823267360427e-05,,,0.0130615234375,0.025634765625,0.00048828125,2.584e-06
ibm_marrakesh,2025-11-24_11:17:08,9.705582796849698e-05,1.4659477460491796e-05,,,0.0155029296875,0.02392578125,0.007080078125,2.584e-06
ibm_marrakesh,2025-11-24_11:17:08,6.920856805442189e-05,2.1580980681376482e-05,,,0.0228271484375,0.04541015625,0.000244140625,2.584e-06
ibm_marrakesh,2025-11-24_11:17:08,0.00012910946679224115,7.344820810110057e-05,,,0.0135498046875,0.0205078125,0.006591796875,2.584e-06
ibm_marrakesh,2025-11-24_11:17:08,0.00019757432517836598,7.63673527368584e-05,,,0.3133544921875,0.166748046875,0.4599609375,2.584e-06
ibm_marrakesh,2025-11-24_11:17:08,9.279342772826294e-05,2.4679264567092777e-05,,,0.0069580078125,0.01025390625,0.003662109375,2.584e-06
ibm_marrakesh,2025-11-24_11:17:08,0.000275951981907307,9.728767968370625e-05,,,0.0081787109375,0.010986328125,0.00537109375,2.584e-06
ibm_marrakesh,2025-11-24_11:17:08,0.00017846118990437837,7.220550322512762e-05,,,0.004638671875,0.008544921875,0.000732421875,2.584e-06
ibm_marrakesh,2025-11-24_11:17:08,0.00018523791893637064,0.00018888922914799293,,,0.0130615234375,0.009765625,0.001220703125,2.584e-06
ibm_marrakesh,2025-11-24_11:17:08,9.708605670786805e-05,9.385558060913767e-05,,,0.007568359375,0.01416015625,0.0009765625,2.584e-06
ibm_marrakesh,2025-11-24_11:17:08,0.0001476076962407377,7.612085304992964e-05,,,0.0120849609375,0.01904296875,0.005126953125,2.584e-06
ibm_marrakesh,2025-11-24_11:17:08,0.00022953530885968238,0.00020396899198317056,,,0.005615234375,0.0087890625,0.00244140625,2.584e-06
ibm_marrakesh,2025-11-24_11:17:08,0.00021816293381812722,0.0001997236463625718,,,0.0718994140625,0.116455078125,0.02734375,2.584e-06
ibm_marrakesh,2025-11-24_11:17:08,0.0002806721991952942,0.00021005513795275288,,,0.014404296875,0.025390625,0.00341796875,2.584e-06
ibm_marrakesh,2025-11-24_11:17:08,0.00019008657520169366,0.00021429807651340117,,,0.035400390625,0.063232421875,0.007568359375,2.584e-06
ibm_marrakesh,2025-11-24_11:17:08,0.0002307779973643009,0.000307331199610997,,,0.05224609375,0.058349609375,0.046142578125,2.584e-06
ibm_marrakesh,2025-11-24_11:17:08,0.00013278592352593054,0.00012995900581629812,,,0.0069580078125,0.00927734375,0.004638671875,2.584e-06
ibm_marrakesh,2025-11-24_11:17:08,0.0002841635595421831,0.0002544653377463038,,,0.01513671875,0.01953125,0.0107421875,2.584e-06
ibm_marrakesh,2025-11-24_11:17:08,0.0002580841165271975,0.00031879153322456424,,,0.0032958984375,0.00341796875,0.003173828125,2.584e-06
ibm_marrakesh,2025-11-24_11:17:08,0.00020706674297815532,6.82483195976397e-05,,,0.0169677734375,0.0185546875,0.015380859375,2.584e-06
ibm_marrakesh,2025-11-24_11:17:08,0.00019794476344369222,2.801474619340661e-05,,,0.0069580078125,0.011962890625,0.001953125,2.584e-06
ibm_marrakesh,2025-11-24_11:17:08,0.0001556263574690643,0.00011922021884344906,,,0.0135498046875,0.02001953125,0.007080078125,2.584e-06
ibm_marrakesh,2025-11-24_11:17:08,0.00015157579122795315,0.00015251326841152473,,,0.025390625,0.03466796875,0.01611328125,2.584e-06
ibm_marrakesh,2025-11-24_11:17:08,0.00014671084385470842,0.00017778872139325732,,,0.0150146484375,0.02392578125,0.006103515625,2.584e-06
ibm_marrakesh,2025-11-24_11:17:08,0.0001980857289711672,0.00012034768940962278,,,0.0509033203125,0.031005859375,0.07080078125,2.584e-06
ibm_marrakesh,2025-11-24_11:17:08,0.00031217404959450057,0.0002865104920150078,,,0.0164794921875,0.01123046875,0.016845703125,2.584e-06
ibm_marrakesh,2025-11-24_11:17:08,0.0001384918633774969,7.388973255163294e-05,,,0.015625,0.030029296875,0.001220703125,2.584e-06
ibm_marrakesh,2025-11-24_11:17:08,0.00012270505178644763,0.00011561036798407136,,,0.15625,0.104736328125,0.207763671875,2.584e-06
ibm_marrakesh,2025-11-24_11:17:08,0.00022953280240372502,8.331180143787249e-05,,,0.014404296875,0.02685546875,0.001953125,2.584e-06
ibm_marrakesh,2025-11-24_11:17:08,8.201847586217258e-05,5.5679576727790375e-05,,,0.017333984375,0.027099609375,0.007568359375,2.584e-06
ibm_marrakesh,2025-11-24_11:17:08,0.00013661116040401597,9.755517203790225e-05,,,0.0062255859375,0.011962890625,0.00048828125,2.584e-06
ibm_marrakesh,2025-11-24_11:17:08,0.0003087323881436656,9.091432208306268e-05,,,0.029296875,0.0380859375,0.0205078125,2.584e-06
ibm_marrakesh,2025-11-24_11:17:08,8.570813771817928e-05,2.3233706014173193e-05,,,0.0072021484375,0.013427734375,0.0009765625,2.584e-06
ibm_marrakesh,2025-11-24_11:17:08,0.00015769012812592045,1.0498254835612187e-05,,,0.0333251953125,0.047119140625,0.01953125,2.584e-06
ibm_marrakesh,2025-11-24_11:17:08,0.00015342820031244967,2.3355496203430256e-05,,,0.0101318359375,0.017578125,0.002685546875,2.584e-06
ibm_marrakesh,2025-11-24_11:17:08,0.00016386120077201404,0.00020239725457847494,,,0.0201416015625,0.039794921875,0.00048828125,2.584e-06
ibm_marrakesh,2025-11-24_11:17:08,0.0001380548925993946,3.8203978803189806e-05,,,0.01123046875,0.021240234375,0.001220703125,2.584e-06
ibm_marrakesh,2025-11-24_11:17:08,0.0002607304449548906,0.00026382342374591363,,,0.0159912109375,0.028564453125,0.00341796875,2.584e-06
ibm_marrakesh,2025-11-24_11:17:08,0.00013779828748282133,1.5224718322380575e-05,,,0.0118408203125,0.017333984375,0.00634765625,2.584e-06
ibm_marrakesh,2025-11-24_11:17:08,0.0002683094317228501,0.00025169535443028386,,,0.00927734375,0.013671875,0.0048828125,2.584e-06
ibm_marrakesh,2025-11-24_11:17:08,0.00014535411253958718,4.167975139180279e-05,,,0.0089111328125,0.015625,0.002197265625,2.584e-06
ibm_marrakesh,2025-11-24_11:17:08,0.00020732785752704152,9.65744296003153e-05,,,0.00927734375,0.016845703125,0.001708984375,2.584e-06
ibm_marrakesh,2025-11-24_11:17:08,0.00018612570506386895,0.000250756059042026,,,0.007080078125,0.0107421875,0.003173828125,2.584e-06
ibm_marrakesh,2025-11-24_11:17:08,0.00010037474246144534,4.079521429384335e-05,,,0.091064453125,0.08740234375,0.0947265625,2.584e-06
ibm_marrakesh,2025-11-24_11:17:08,0.00019845837864452252,1.741062519122931e-05,,,0.00634765625,0.010498046875,0.002197265625,2.584e-06
ibm_marrakesh,2025-11-24_11:17:08,0.00014569562754769685,0.00012907791358155463,,,0.01513671875,0.025634765625,0.004638671875,2.584e-06
ibm_marrakesh,2025-11-24_11:17:08,8.788026860073196e-06,1.5079302505251558e-05,,,0.268798828125,0.506103515625,0.031494140625,2.584e-06
ibm_marrakesh,2025-11-24_11:17:08,0.0002223102811465205,0.00031641993134693834,,,0.14111328125,0.258056640625,0.024169921875,2.584e-06
ibm_marrakesh,2025-11-24_11:17:08,0.00019014864053022108,0.0001133343039708207,,,0.010498046875,0.01806640625,0.0029296875,2.584e-06
ibm_marrakesh,2025-11-24_11:17:08,0.0001142852479138617,2.6271577434582195e-05,,,0.0096435546875,0.016357421875,0.0029296875,2.584e-06
ibm_marrakesh,2025-11-24_11:17:08,0.00014589350176361766,5.982169761556258e-05,,,0.0206298828125,0.037353515625,0.00390625,2.584e-06
ibm_marrakesh,2025-11-24_11:17:08,0.00021178630633888557,0.00020100455359066757,,,0.0054931640625,0.010009765625,0.0009765625,2.584e-06
ibm_marrakesh,2025-11-24_11:17:08,0.00025392023970253216,0.0001860394507999831,,,0.024169921875,0.0263671875,0.02197265625,2.584e-06
ibm_marrakesh,2025-11-24_11:17:08,0.00020604577948506945,0.00017955370086546416,,,0.007080078125,0.01318359375,0.0009765625,2.584e-06
ibm_marrakesh,2025-11-24_11:17:08,7.589414175280195e-05,8.641885163168874e-05,,,0.01953125,0.0263671875,0.0126953125,2.584e-06
ibm_marrakesh,2025-11-24_11:17:08,0.0001476481793457513,0.0002162018672107048,,,0.0087890625,0.0166015625,0.0009765625,2.584e-06
ibm_marrakesh,2025-11-24_11:17:08,0.0003141860216139963,0.00033913080678100077,,,0.006591796875,0.01220703125,0.0009765625,2.584e-06
ibm_marrakesh,2025-11-24_11:17:08,0.00026028231259498774,0.0002434355752334825,,,0.0234375,0.04296875,0.00390625,2.584e-06
ibm_marrakesh,2025-11-24_11:17:08,0.0002723884088599019,0.00027039395714606923,,,0.0037841796875,0.00634765625,0.001220703125,2.584e-06
ibm_marrakesh,2025-11-24_11:17:08,0.00025906308898288353,0.0005427398656717253,,,0.00341796875,0.01123046875,0.001220703125,2.584e-06
ibm_marrakesh,2025-11-24_11:17:08,0.00015568032737992924,4.7813619493065425e-05,,,0.0308837890625,0.051025390625,0.0107421875,2.584e-06
ibm_marrakesh,2025-11-24_11:17:08,0.00018789184478688314,6.427788260503065e-05,,,0.0081787109375,0.011962890625,0.00439453125,2.584e-06
ibm_marrakesh,2025-11-24_11:17:08,0.0002635575931009761,6.0935060748072403e-05,,,0.0025634765625,0.00390625,0.001220703125,2.584e-06
ibm_marrakesh,2025-11-24_11:17:08,0.00011767666646396434,2.746381919148995e-05,,,0.0047607421875,0.0087890625,0.000732421875,2.584e-06
ibm_marrakesh,2025-11-24_11:17:08,0.00011643004122057518,0.00013399076063182107,,,0.012451171875,0.024169921875,0.000732421875,2.584e-06
ibm_marrakesh,2025-11-24_11:17:08,0.00017666235965620362,7.982918138515331e-05,,,0.020751953125,0.0400390625,0.00146484375,2.584e-06
ibm_marrakesh,2025-11-24_11:17:08,7.922663922517013e-05,7.129658822444755e-05,,,0.011962890625,0.021728515625,0.002197265625,2.584e-06
ibm_marrakesh,2025-11-24_11:17:08,0.00011305233263405653,6.587393335285733e-05,,,0.0108642578125,0.0205078125,0.001220703125,2.584e-06
ibm_marrakesh,2025-11-24_11:17:08,0.0003140422203347232,0.00018290473445628787,,,0.009033203125,0.01171875,0.00634765625,2.584e-06
ibm_marrakesh,2025-11-24_11:17:08,0.00013024168373188325,9.235555709401777e-05,,,0.0064697265625,0.01220703125,0.000732421875,2.584e-06
ibm_marrakesh,2025-11-24_11:17:08,0.0003804186820822611,0.00018860093788463479,,,0.013916015625,0.01904296875,0.0087890625,2.584e-06
ibm_marrakesh,2025-11-24_11:17:08,0.00031960170785753044,0.0003128271786171191,,,0.02001953125,0.01708984375,0.02294921875,2.584e-06
ibm_marrakesh,2025-11-24_11:17:08,2.056094273390967e-05,3.1227176241776995e-05,,,0.010986328125,0.02001953125,0.001953125,2.584e-06
ibm_marrakesh,2025-11-24_11:17:08,0.0001507106068846376,7.796533938215395e-05,,,0.01904296875,0.01611328125,0.02197265625,2.584e-06
ibm_marrakesh,2025-11-24_11:17:08,0.0002858254862050754,0.00033488441313443316,,,0.0372314453125,0.067138671875,0.00732421875,2.584e-06
ibm_marrakesh,2025-11-24_11:17:08,8.975187730976883e-05,4.490281153935478e-05,,,0.0089111328125,0.01416015625,0.003662109375,2.584e-06
ibm_marrakesh,2025-11-24_11:17:08,0.00020753180123988033,0.00020061071591151458,,,0.0048828125,0.009765625,0.00341796875,2.584e-06
ibm_marrakesh,2025-11-24_11:17:08,0.00011806583763283605,0.00012111110201074951,,,0.281005859375,0.499267578125,0.062744140625,2.584e-06
ibm_marrakesh,2025-11-24_11:17:08,0.00019952783433652504,0.00023430139793843564,,,0.005859375,0.009521484375,0.002197265625,2.584e-06
ibm_marrakesh,2025-11-24_11:17:08,0.0001488224658322075,7.471524080219775e-05,,,0.005859375,0.009033203125,0.002685546875,2.584e-06
ibm_marrakesh,2025-11-24_11:17:08,7.205546813375648e-05,0.00010351174965127247,,,0.01123046875,0.0185546875,0.00390625,2.584e-06
ibm_marrakesh,2025-11-24_11:17:08,0.00019248918157537036,1.4945228972833115e-05,,,0.018310546875,0.0224609375,0.01416015625,2.584e-06
ibm_marrakesh,2025-11-24_11:17:08,0.00019011970020426104,9.104241982321727e-05,,,0.011962890625,0.022216796875,0.001708984375,2.584e-06
ibm_marrakesh,2025-11-24_11:17:08,0.0002347676507486579,7.56274732378708e-05,,,0.208984375,0.409423828125,0.008544921875,2.584e-06
ibm_marrakesh,2025-11-24_11:17:08,0.00014064735639215907,5.841335963269714e-05,,,0.0096435546875,0.018798828125,0.00048828125,2.584e-06
ibm_marrakesh,2025-11-24_11:17:08,0.00019751966807853038,0.00026319730037019097,,,0.013427734375,0.013916015625,0.012939453125,2.584e-06
ibm_marrakesh,2025-11-24_11:17:08,0.00017803608558210826,2.0146831469233894e-05,,,0.0098876953125,0.01220703125,0.007568359375,2.584e-06
ibm_marrakesh,2025-11-24_11:17:08,0.00020354109085747647,9.184413578225055e-05,,,0.00927734375,0.01611328125,0.00244140625,2.584e-06
ibm_marrakesh,2025-11-24_11:17:08,0.0001308655121618372,0.00014527928925119068,,,0.0054931640625,0.009765625,0.001220703125,2.584e-06
ibm_marrakesh,2025-11-24_11:17:08,0.00015497548798152743,7.529817191486289e-05,,,0.0068359375,0.012939453125,0.000732421875,2.584e-06
ibm_marrakesh,2025-11-24_11:17:08,0.00013585718005453074,3.080222100035399e-05,,,0.0206298828125,0.037841796875,0.00341796875,2.584e-06
ibm_marrakesh,2025-11-24_11:17:08,0.00018972526067737835,2.3753710834511866e-05,,,0.0594482421875,0.048828125,0.070068359375,2.584e-06
ibm_marrakesh,2025-11-24_11:17:08,0.00029186407593770195,0.00032594601786608375,,,0.0059814453125,0.0107421875,0.001220703125,2.584e-06
ibm_marrakesh,2025-11-24_11:17:08,0.0002705896595654684,0.00023073524916167546,,,0.0078125,0.0126953125,0.0029296875,2.584e-06
ibm_marrakesh,2025-11-24_11:17:08,0.00015676459183770712,3.6687149071767025e-05,,,0.134765625,0.136962890625,0.132568359375,2.584e-06
ibm_marrakesh,2025-11-24_11:17:08,0.00024972758432904846,0.00019992760133792935,,,0.010986328125,0.01220703125,0.009765625,2.584e-06
ibm_marrakesh,2025-11-24_11:17:08,7.477795850521302e-05,4.6192858361240336e-05,,,0.01171875,0.021728515625,0.001708984375,2.584e-06
ibm_marrakesh,2025-11-24_11:17:08,0.000317163665747115,0.0002555843433488801,,,0.0262451171875,0.049560546875,0.0029296875,2.584e-06
ibm_marrakesh,2025-11-24_11:17:08,0.0003454102352014059,0.00017250620372345461,,,0.0106201171875,0.016357421875,0.0048828125,2.584e-06
ibm_marrakesh,2025-11-24_11:17:08,0.00029153540058800395,7.353699820702634e-05,,,0.0458984375,0.03369140625,0.05810546875,2.584e-06
ibm_marrakesh,2025-11-24_11:17:08,0.00014825724212680371,0.00011013499838751382,,,0.0054931640625,0.0078125,0.003173828125,2.584e-06
ibm_marrakesh,2025-11-24_11:17:08,9.810930089282734e-05,8.812409264704983e-05,,,0.0123291015625,0.0224609375,0.002197265625,2.584e-06
ibm_marrakesh,2025-11-24_11:17:08,0.0002325062901627203,0.00024960896107659874,,,0.007080078125,0.00927734375,0.0048828125,2.584e-06
ibm_marrakesh,2025-11-24_11:17:08,0.0001409018442638003,0.000192006187229041,,,0.006103515625,0.010009765625,0.002197265625,2.584e-06
ibm_marrakesh,2025-11-24_11:17:08,0.0003379899343469054,5.7511958373903626e-05,,,0.0035400390625,0.00390625,0.003173828125,2.584e-06
ibm_marrakesh,2025-11-24_11:17:08,0.000294002112105931,0.0002793010920627486,,,0.01171875,0.0126953125,0.0107421875,2.584e-06
ibm_marrakesh,2025-11-24_11:17:08,0.00017242368533616358,0.0001499630393863716,,,0.0062255859375,0.0107421875,0.001708984375,2.584e-06
ibm_marrakesh,2025-11-24_11:17:08,0.00011858969205519844,5.89176105439079e-05,,,0.008056640625,0.014892578125,0.001220703125,2.584e-06
ibm_marrakesh,2025-11-24_11:17:08,9.270907420559948e-05,6.331059769836541e-05,,,0.01416015625,0.02587890625,0.00244140625,2.584e-06
ibm_marrakesh,2025-11-24_11:17:08,0.00017331675496453457,0.00015819738265209008,,,0.0185546875,0.035888671875,0.001220703125,2.584e-06
ibm_marrakesh,2025-11-24_11:17:08,0.00013944241122638097,4.3639580935079176e-05,,,0.0032958984375,0.01611328125,0.00048828125,2.584e-06
ibm_marrakesh,2025-11-24_11:17:08,0.0003319304470541519,7.093238764245734e-05,,,0.005859375,0.007080078125,0.004638671875,2.584e-06
ibm_marrakesh,2025-11-24_11:17:08,0.00018311463424751414,0.00010551968948781457,,,0.0076904296875,0.01123046875,0.004150390625,2.584e-06
ibm_marrakesh,2025-11-24_11:17:08,0.00018864357426192033,0.00012326525461813732,,,0.0045166015625,0.005859375,0.003173828125,2.584e-06
ibm_marrakesh,2025-11-24_11:17:08,0.00018453637728861022,0.000176896612771767,,,0.016357421875,0.028076171875,0.004638671875,2.584e-06
ibm_marrakesh,2025-11-24_11:17:08,0.0002242419456641253,6.727994616735064e-05,,,0.00927734375,0.016357421875,0.002197265625,2.584e-06
ibm_marrakesh,2025-11-24_11:17:08,0.00036265847733331336,0.00025958073377916105,,,0.0111083984375,0.01611328125,0.006103515625,2.584e-06
ibm_marrakesh,2025-11-24_11:17:08,0.00022243293910601146,0.00019990612677480126,,,0.0059814453125,0.01025390625,0.001708984375,2.584e-06
ibm_marrakesh,2025-11-24_11:17:08,0.00015448227228469298,1.6927520200208212e-05,,,0.0069580078125,0.012451171875,0.00146484375,2.584e-06
ibm_marrakesh,2025-11-24_11:17:08,0.00038297589987039085,0.00015553905408402188,,,0.0040283203125,0.005126953125,0.0029296875,2.584e-06
ibm_torino,2025-11-24_11:17:09,0.0001900064545552269,0.00016249804867483355,,,0.13671875,0.152587890625,0.120849609375,1.56e-06
ibm_torino,2025-11-24_11:17:09,0.0002922910398494673,0.00020357475744431374,,,0.0584716796875,0.035888671875,0.0810546875,1.56e-06
ibm_torino,2025-11-24_11:17:09,0.00017930189633417654,0.0001895643599323363,,,0.0816650390625,0.102783203125,0.060546875,1.56e-06
ibm_torino,2025-11-24_11:17:09,0.00028639682315616916,0.0002124318696129837,,,0.0216064453125,0.016357421875,0.02685546875,1.56e-06
ibm_torino,2025-11-24_11:17:09,0.00018547886072583768,0.00023660050357460227,,,0.0452880859375,0.0478515625,0.042724609375,1.56e-06
ibm_torino,2025-11-24_11:17:09,0.0002909179449823076,0.000283371835868717,,,0.0318603515625,0.01708984375,0.046630859375,1.56e-06
ibm_torino,2025-11-24_11:17:09,4.019432332895689e-05,6.812746073917231e-05,,,0.013671875,0.02197265625,0.00244140625,1.56e-06
ibm_torino,2025-11-24_11:17:09,0.00027312778860795803,0.00014655758257840784,,,0.0843505859375,0.056396484375,0.1123046875,1.56e-06
ibm_torino,2025-11-24_11:17:09,0.00022146482310403628,0.00017847379633940215,,,0.0775146484375,0.061279296875,0.09375,1.56e-06
ibm_torino,2025-11-24_11:17:09,4.93989241237156e-05,6.568840027322442e-05,,,0.0318603515625,0.05859375,0.005126953125,1.56e-06
ibm_torino,2025-11-24_11:17:09,0.00023698698118818768,0.00018407586538302236,,,0.0699462890625,0.046630859375,0.09326171875,1.56e-06
ibm_torino,2025-11-24_11:17:09,0.00012576408877912373,0.0001516931727563397,,,0.014404296875,0.013916015625,0.014892578125,1.56e-06
ibm_torino,2025-11-24_11:17:09,0.0003364136775165491,0.0002951432003509519,,,0.0247802734375,0.016845703125,0.03271484375,1.56e-06
ibm_torino,2025-11-24_11:17:09,0.00026706963865217426,0.0001949486531762667,,,0.02978515625,0.028564453125,0.031005859375,1.56e-06
ibm_torino,2025-11-24_11:17:09,0.0002530260777847273,0.00014708415093279539,,,0.019775390625,0.016845703125,0.022705078125,1.56e-06
ibm_torino,2025-11-24_11:17:09,0.00015409026108876217,3.8481286022538356e-05,,,0.0194091796875,0.032958984375,0.005859375,1.56e-06
ibm_torino,2025-11-24_11:17:09,0.00019620146550275452,0.00017812666252567532,,,0.0228271484375,0.01904296875,0.026611328125,1.56e-06
ibm_torino,2025-11-24_11:17:09,0.00018586691423194031,9.450931388635972e-05,,,0.01025390625,0.015380859375,0.005126953125,1.56e-06
ibm_torino,2025-11-24_11:17:09,0.00022580528558933423,0.00023159140152696528,,,0.007080078125,0.005126953125,0.009033203125,1.56e-06
ibm_torino,2025-11-24_11:17:09,0.0001536310247997608,0.00018052661955977403,,,0.04833984375,0.06298828125,0.03369140625,1.56e-06
ibm_torino,2025-11-24_11:17:09,0.00017480343734709188,0.00011051171749893283,,,0.010986328125,0.01513671875,0.0068359375,1.56e-06
ibm_torino,2025-11-24_11:17:09,7.639688389196997e-05,2.3578110772910623e-05,,,0.062255859375,0.056396484375,0.068115234375,1.56e-06
ibm_torino,2025-11-24_11:17:09,5.677737241034752e-05,7.706323785735384e-05,,,0.0347900390625,0.044921875,0.024658203125,1.56e-06
ibm_torino,2025-11-24_11:17:09,0.0001771580924889672,3.756862720203109e-05,,,0.0733642578125,0.04443359375,0.08642578125,1.56e-06
ibm_torino,2025-11-24_11:17:09,0.000140171456958138,0.00019855170172067434,,,0.034423828125,0.02294921875,0.0458984375,1.56e-06
ibm_torino,2025-11-24_11:17:09,0.00010273197100150593,9.689105394947506e-05,,,0.1156005859375,0.1142578125,0.116943359375,1.56e-06
ibm_torino,2025-11-24_11:17:09,2.0610183301119727e-06,4.004358188726778e-06,,,0.0396728515625,0.0419921875,0.037353515625,1.56e-06
ibm_torino,2025-11-24_11:17:09,0.000190325769524507,6.38241009875134e-05,,,0.0384521484375,0.032958984375,0.0439453125,1.56e-06
ibm_torino,2025-11-24_11:17:09,0.00021394925389411868,0.0001768150466165626,,,0.0079345703125,0.00537109375,0.010498046875,1.56e-06
ibm_torino,2025-11-24_11:17:09,0.00014427165177635212,0.00013056250289489261,,,0.022705078125,0.010009765625,0.035400390625,1.56e-06
ibm_torino,2025-11-24_11:17:09,0.00017222609899052182,0.0001095630348963495,,,0.0225830078125,0.023681640625,0.021484375,1.56e-06
ibm_torino,2025-11-24_11:17:09,0.0002398141651731116,0.0001916367008142441,,,0.0693359375,0.042236328125,0.096435546875,1.56e-06
ibm_torino,2025-11-24_11:17:09,0.00018251914704529477,0.00012188441717880736,,,0.01806640625,0.0234375,0.0126953125,1.56e-06
ibm_torino,2025-11-24_11:17:09,0.00019183623128936139,7.305184175965729e-05,,,0.03955078125,0.025146484375,0.053955078125,1.56e-06
ibm_torino,2025-11-24_11:17:09,0.00013834316764206839,0.0001071397717126044,,,0.035888671875,0.027587890625,0.044189453125,1.56e-06
ibm_torino,2025-11-24_11:17:09,0.00014122580727136548,0.00010659806511373794,,,0.01123046875,0.010498046875,0.011962890625,1.56e-06
ibm_torino,2025-11-24_11:17:09,6.491936036185554e-05,6.738546811877929e-05,,,0.0064697265625,0.0107421875,0.002197265625,1.56e-06
ibm_torino,2025-11-24_11:17:09,0.00015890000430549806,0.00010124596689809563,,,0.0289306640625,0.05615234375,0.001708984375,1.56e-06
ibm_torino,2025-11-24_11:17:09,0.00017400299595608017,0.00016165064654424373,,,0.0655517578125,0.06396484375,0.067138671875,1.56e-06
ibm_torino,2025-11-24_11:17:09,0.0001600553677029762,0.00019134142997129762,,,0.037841796875,0.02880859375,0.046875,1.56e-06
ibm_torino,2025-11-24_11:17:09,7.83325265580708e-05,0.00011375813273295685,,,0.01904296875,0.01513671875,0.02294921875,1.56e-06
ibm_torino,2025-11-24_11:17:09,6.056460493508372e-05,5.825057965828797e-05,,,0.0706787109375,0.13330078125,0.008056640625,1.56e-06
ibm_torino,2025-11-24_11:17:09,0.00023631704106741536,0.00013346444258729493,,,0.1290283203125,0.1376953125,0.120361328125,1.56e-06
ibm_torino,2025-11-24_11:17:09,8.595686013037913e-05,6.39603542303599e-05,,,0.0081787109375,0.0087890625,0.007568359375,1.56e-06
ibm_torino,2025-11-24_11:17:09,0.00020932289780363906,0.00016919289737789912,,,0.03271484375,0.034423828125,0.031005859375,1.56e-06
ibm_torino,2025-11-24_11:17:09,3.989761375860475e-05,5.714821757111095e-05,,,0.009765625,0.014892578125,0.004638671875,1.56e-06
ibm_torino,2025-11-24_11:17:09,0.00016172989141991135,0.00017696556076853532,,,0.037109375,0.036376953125,0.037841796875,1.56e-06
ibm_torino,2025-11-24_11:17:09,0.00020616009779326667,5.947774433776674e-05,,,0.020263671875,0.033203125,0.00732421875,1.56e-06
ibm_torino,2025-11-24_11:17:09,0.00020101210344165146,0.0002509423177469777,,,0.0428466796875,0.041259765625,0.04443359375,1.56e-06
ibm_torino,2025-11-24_11:17:09,0.00019321810139440372,0.0001171837382671638,,,0.0198974609375,0.013916015625,0.02587890625,1.56e-06
ibm_torino,2025-11-24_11:17:09,0.0002135279471944771,0.00023938721779025608,,,0.0660400390625,0.07080078125,0.061279296875,1.56e-06
ibm_torino,2025-11-24_11:17:09,0.00014693572843631287,0.0001247764677692189,,,0.0084228515625,0.01025390625,0.006591796875,1.56e-06
ibm_torino,2025-11-24_11:17:09,0.00013897344200162248,0.0001868280877908639,,,0.02880859375,0.0126953125,0.044921875,1.56e-06
ibm_torino,2025-11-24_11:17:09,2.2368561299607725e-05,6.241300371354171e-05,,,0.4451904296875,0.858642578125,0.03173828125,1.56e-06
ibm_torino,2025-11-24_11:17:09,5.886222257954429e-05,7.264186259373256e-05,,,0.01171875,0.010986328125,0.012451171875,1.56e-06
ibm_torino,2025-11-24_11:17:09,0.00016615890441151157,0.00013166713272074552,,,0.011474609375,0.0166015625,0.00634765625,1.56e-06
ibm_torino,2025-11-24_11:17:09,0.00018217206295065785,9.154135834019984e-05,,,0.0157470703125,0.015869140625,0.015625,1.56e-06
ibm_torino,2025-11-24_11:17:09,0.0001734974694410834,0.0001972174611618936,,,0.0240478515625,0.017578125,0.033203125,1.56e-06
ibm_torino,2025-11-24_11:17:09,0.00012967308483756478,0.00013975651193766793,,,0.01220703125,0.0126953125,0.01171875,1.56e-06
ibm_torino,2025-11-24_11:17:09,0.0001769998840806491,0.00014946858408049622,,,0.048095703125,0.061767578125,0.034423828125,1.56e-06
ibm_torino,2025-11-24_11:17:09,0.00019085303896528176,0.00019597544455089269,,,0.0081787109375,0.0087890625,0.007568359375,1.56e-06
ibm_torino,2025-11-24_11:17:09,9.414938387540414e-05,0.00011899803964526289,,,0.0147705078125,0.015625,0.013916015625,1.56e-06
ibm_torino,2025-11-24_11:17:09,0.00016387494095782674,0.0001567032662122605,,,0.01513671875,0.01904296875,0.01123046875,1.56e-06
ibm_torino,2025-11-24_11:17:09,0.00019439022412654828,0.00013427795804438973,,,0.0423583984375,0.05029296875,0.034423828125,1.56e-06
ibm_torino,2025-11-24_11:17:09,0.00018779263138120285,4.725197971909286e-05,,,0.0721435546875,0.06591796875,0.078369140625,1.56e-06
ibm_torino,2025-11-24_11:17:09,0.000213375578040591,0.00022968435007712437,,,0.0130615234375,0.013427734375,0.0126953125,1.56e-06
ibm_torino,2025-11-24_11:17:09,0.00023907004593611862,0.0002331491531582643,,,0.00634765625,0.010009765625,0.002685546875,1.56e-06
ibm_torino,2025-11-24_11:17:09,7.709445808050654e-05,7.276030172818672e-05,,,0.043701171875,0.041748046875,0.045654296875,1.56e-06
ibm_torino,2025-11-24_11:17:09,0.0001120703293829647,6.486674502879962e-05,,,0.0079345703125,0.00537109375,0.010498046875,1.56e-06
ibm_torino,2025-11-24_11:17:09,0.00013591193385279347,7.36071166600768e-05,,,0.0384521484375,0.04345703125,0.033447265625,1.56e-06
ibm_torino,2025-11-24_11:17:09,6.868088855080546e-05,3.2219057533809115e-05,,,0.0462646484375,0.03515625,0.057373046875,1.56e-06
ibm_torino,2025-11-24_11:17:09,0.0001236191361635808,3.395058668534774e-05,,,0.05224609375,0.0537109375,0.05078125,1.56e-06
ibm_torino,2025-11-24_11:17:09,0.0002465960915791405,7.979117936181997e-05,,,0.010498046875,0.0048828125,0.01611328125,1.56e-06
ibm_torino,2025-11-24_11:17:09,0.00017458760588606693,9.304493564608775e-05,,,0.01904296875,0.015380859375,0.022705078125,1.56e-06
ibm_torino,2025-11-24_11:17:09,0.0002736558911402106,0.00012812048605412025,,,0.013671875,0.0107421875,0.016357421875,1.56e-06
ibm_torino,2025-11-24_11:17:09,0.0002977262005101139,0.0001540665538237382,,,0.007568359375,0.002685546875,0.012451171875,1.56e-06
ibm_torino,2025-11-24_11:17:09,0.00025156310379617126,0.00023758102154844375,,,0.0391845703125,0.01123046875,0.067138671875,1.56e-06
ibm_torino,2025-11-24_11:17:09,0.00023091081310295,0.0001760243716192383,,,0.0238037109375,0.021484375,0.026123046875,1.56e-06
ibm_torino,2025-11-24_11:17:09,0.00010417535431975526,0.00012025661651858844,,,0.05029296875,0.055419921875,0.045166015625,1.56e-06
ibm_torino,2025-11-24_11:17:09,6.816460080985976e-05,6.521892461198799e-05,,,0.033935546875,0.065185546875,0.002685546875,1.56e-06
ibm_torino,2025-11-24_11:17:09,0.0002025276813182399,3.0702677598921564e-05,,,0.0225830078125,0.031005859375,0.01416015625,1.56e-06
ibm_torino,2025-11-24_11:17:09,0.00020498683093585668,0.00018139412380304947,,,0.0057373046875,0.004638671875,0.0068359375,1.56e-06
ibm_torino,2025-11-24_11:17:09,0.00019500437820887107,0.0001292713055816409,,,0.071533203125,0.076171875,0.06689453125,1.56e-06
ibm_torino,2025-11-24_11:17:09,8.5017869833733e-05,5.841645889271476e-05,,,0.020751953125,0.011474609375,0.030029296875,1.56e-06
ibm_torino,2025-11-24_11:17:09,0.0002584875962572223,0.00014726435678894738,,,0.080078125,0.07666015625,0.08349609375,1.56e-06
ibm_torino,2025-11-24_11:17:09,2.909229331892054e-06,6.309619623395452e-06,,,0.036376953125,0.056396484375,0.016357421875,1.56e-06
ibm_torino,2025-11-24_11:17:09,0.00023738901113612917,0.00014570213210202612,,,0.2330322265625,0.404541015625,0.0615234375,1.56e-06
ibm_torino,2025-11-24_11:17:09,0.00017401919920993644,0.00019370803427373637,,,0.005126953125,0.003662109375,0.006591796875,1.56e-06
ibm_torino,2025-11-24_11:17:09,0.0002598251470796133,0.00026029612683081877,,,0.1285400390625,0.138671875,0.118408203125,1.56e-06
ibm_torino,2025-11-24_11:17:09,0.00022423129562003244,0.00016144591559244547,,,0.079345703125,0.06396484375,0.0947265625,1.56e-06
ibm_torino,2025-11-24_11:17:09,0.00024102855596444786,0.00023647872103412196,,,0.03173828125,0.0166015625,0.046875,1.56e-06
ibm_torino,2025-11-24_11:17:09,0.00017873618096180465,0.00010029578241671733,,,0.0074462890625,0.0078125,0.00439453125,1.56e-06
ibm_torino,2025-11-24_11:17:09,0.00031451813030029395,0.000208179156687752,,,0.01025390625,0.005615234375,0.014892578125,1.56e-06
ibm_torino,2025-11-24_11:17:09,0.0001834620155980683,0.00015842595958699414,,,0.0096435546875,0.006591796875,0.0126953125,1.56e-06
ibm_torino,2025-11-24_11:17:09,0.00025249624498416317,0.00021212494927654157,,,0.0184326171875,0.017333984375,0.01953125,1.56e-06
ibm_torino,2025-11-24_11:17:09,8.4902028147906e-05,0.0001145470814771965,,,0.0177001953125,0.010986328125,0.0244140625,1.56e-06
ibm_torino,2025-11-24_11:17:09,0.00014857635554353521,0.0001301597574352061,,,0.013916015625,0.014892578125,0.012939453125,1.56e-06
ibm_torino,2025-11-24_11:17:09,9.256302773245244e-05,8.90716962364757e-05,,,0.089111328125,0.087646484375,0.090576171875,1.56e-06
ibm_torino,2025-11-24_11:17:09,7.274309619521112e-05,6.576009376806908e-05,,,0.01513671875,0.024658203125,0.005615234375,1.56e-06
ibm_torino,2025-11-24_11:17:09,5.871665289337407e-05,6.160297130842225e-05,,,0.034423828125,0.043701171875,0.025146484375,1.56e-06
ibm_torino,2025-11-24_11:17:09,9.330374136756517e-05,3.71293313689949e-05,,,0.0650634765625,0.08056640625,0.049560546875,1.56e-06
ibm_torino,2025-11-24_11:17:09,0.00023939796250091843,0.00011058831950772428,,,0.11572265625,0.09619140625,0.13525390625,1.56e-06
ibm_torino,2025-11-24_11:17:09,0.0001950601975017923,3.6551949726153525e-05,,,0.0179443359375,0.017333984375,0.0185546875,1.56e-06
ibm_torino,2025-11-24_11:17:09,0.00018559308779942087,7.910730048885766e-05,,,0.0643310546875,0.069091796875,0.0595703125,1.56e-06
ibm_torino,2025-11-24_11:17:09,0.00010763567101703139,0.00011357097971692134,,,0.037841796875,0.051025390625,0.024658203125,1.56e-06
ibm_torino,2025-11-24_11:17:09,0.0001196745062061704,4.817579206216232e-05,,,0.07568359375,0.085693359375,0.065673828125,1.56e-06
ibm_torino,2025-11-24_11:17:09,0.0001058566206347366,0.00011709111284141604,,,0.114501953125,0.152587890625,0.076416015625,1.56e-06
ibm_torino,2025-11-24_11:17:09,0.0002528839719468653,0.00014628918915890693,,,0.033447265625,0.02685546875,0.0400390625,1.56e-06
ibm_torino,2025-11-24_11:17:09,4.727749575897483e-05,7.771861645642642e-05,,,0.0216064453125,0.01025390625,0.026611328125,1.56e-06
ibm_torino,2025-11-24_11:17:09,0.0002725063822923652,0.0002960238000133481,,,0.0794677734375,0.05908203125,0.099853515625,1.56e-06
ibm_torino,2025-11-24_11:17:09,0.0001835001164669979,0.0001815528162715756,,,0.01123046875,0.009765625,0.0126953125,1.56e-06
ibm_torino,2025-11-24_11:17:09,0.00020025354682729924,0.00011315900397317848,,,0.01025390625,0.009033203125,0.011474609375,1.56e-06
ibm_torino,2025-11-24_11:17:09,0.00022686145408304717,0.00015398405367177787,,,0.00927734375,0.007568359375,0.010986328125,1.56e-06
ibm_torino,2025-11-24_11:17:09,0.0002741970580603725,0.00021280377044369735,,,0.03662109375,0.03759765625,0.03564453125,1.56e-06
ibm_torino,2025-11-24_11:17:09,0.00021741449648981454,0.00023195488577284283,,,0.0994873046875,0.01171875,0.187255859375,1.56e-06
ibm_torino,2025-11-24_11:17:09,0.00011634651222602337,0.00012573969613654718,,,0.1165771484375,0.099609375,0.133544921875,1.56e-06
ibm_torino,2025-11-24_11:17:09,0.00019834349702035298,0.0001684806286216581,,,0.0445556640625,0.034423828125,0.0546875,1.56e-06
ibm_torino,2025-11-24_11:17:09,0.00011433341331247675,6.788935280055858e-05,,,0.0057373046875,0.009033203125,0.00244140625,1.56e-06
ibm_torino,2025-11-24_11:17:09,0.00023677982134914343,0.00021254230268117136,,,0.1041259765625,0.095947265625,0.1123046875,1.56e-06
ibm_torino,2025-11-24_11:17:09,0.00013297035818231432,0.00012034499236812508,,,0.0311279296875,0.03271484375,0.029541015625,1.56e-06
ibm_torino,2025-11-24_11:17:09,0.00011019126901742334,0.0001222920971975413,,,0.02587890625,0.024169921875,0.027587890625,1.56e-06
ibm_torino,2025-11-24_11:17:09,0.0002760610684087791,0.00017624668278740666,,,0.02880859375,0.016357421875,0.041259765625,1.56e-06
ibm_torino,2025-11-24_11:17:09,0.00020690908319623443,0.00012536580740443067,,,0.0543212890625,0.05322265625,0.055419921875,1.56e-06
ibm_torino,2025-11-24_11:17:09,4.6352447329360964e-05,4.0631942014857284e-05,,,0.0330810546875,0.052978515625,0.01318359375,1.56e-06
ibm_torino,2025-11-24_11:17:09,0.00017138922848295148,9.639107250626748e-05,,,0.1378173828125,0.1611328125,0.114501953125,1.56e-06
ibm_torino,2025-11-24_11:17:09,0.00018577287162456458,0.00013650743312037739,,,0.008056640625,0.01318359375,0.005615234375,1.56e-06
ibm_torino,2025-11-24_11:17:09,0.00011728472704809048,0.00012771098570700417,,,0.1019287109375,0.101806640625,0.10205078125,1.56e-06
ibm_torino,2025-11-24_11:17:09,0.00020427884503210311,0.00012496043847527085,,,0.1490478515625,0.13916015625,0.158935546875,1.56e-06
ibm_torino,2025-11-24_11:17:09,0.00034022831233952017,0.0001401709141350716,,,0.0908203125,0.09765625,0.083984375,1.56e-06
ibm_torino,2025-11-24_11:17:09,0.0001943586057188313,0.00011938880666211212,,,0.0426025390625,0.03662109375,0.048583984375,1.56e-06
ibm_torino,2025-11-24_11:17:09,0.00029179168474502046,0.0003132598410938008,,,0.0185546875,0.009033203125,0.028076171875,1.56e-06
ibm_torino,2025-11-24_11:17:09,0.00023952239163832782,5.4700768727777e-05,,,0.0115966796875,0.007568359375,0.015625,1.56e-06
ibm_torino,2025-11-24_11:17:09,0.0001956254316225297,0.000180633778444624,,,0.0147705078125,0.009033203125,0.0205078125,1.56e-06
